order_id,demand,creation_time,committed_completion_time,load_time,unload_time,pickup_id,delivery_id
06015500000,1,06:01:55,06:46:55,60,60,Alexandra Village Food Centre,119098 Singapore
06044500001,1,06:04:45,06:49:45,60,60,Alexandra Village Food Centre,270001 Singapore
06052500002,1,06:05:25,06:50:25,60,60,Alexandra Village Food Centre,119098 Singapore 
06070500003,1,06:07:05,06:52:05,60,60,Ghim Moh Market & Food Centre,597159 Singapore
06090000004,1,06:09:00,06:54:00,60,60,Bukit Timah Market & Food Centre,277445 Singapore
06160500005,1,06:16:05,07:01:05,60,60,Bukit Timah Market & Food Centre,653442 Singapore
06185500006,1,06:18:55,07:03:55,60,60,Ghim Moh Market & Food Centre,122312 Singapore
06205000007,1,06:20:50,07:05:50,60,60,Ghim Moh Market & Food Centre,589655 Singapore
06240200008,1,06:24:02,07:09:02,60,60,Bukit Timah Market & Food Centre,667981 Singapore
06253800009,1,06:25:38,07:10:38,60,60,Alexandra Village Food Centre,270033 Singapore
06262300010,1,06:26:23,07:11:23,60,60,Ghim Moh Market & Food Centre,266242 Singapore
06265000011,1,06:26:50,07:11:50,60,60,Ghim Moh Market & Food Centre,596738 Singapore
06271200012,1,06:27:12,07:12:12,60,60,Alexandra Village Food Centre,159944 Singapore
06274800013,1,06:27:48,07:12:48,60,60,Alexandra Village Food Centre,117674 Singapore
06283700014,1,06:28:37,07:13:37,60,60,Ghim Moh Market & Food Centre,159013 Singapore
06293500015,1,06:29:35,07:14:35,60,60,Alexandra Village Food Centre,140023 Singapore
06300600016,1,06:30:06,07:15:06,60,60,Bukit Timah Market & Food Centre,276308 Singapore
06343000017,1,06:34:30,07:19:30,60,60,Alexandra Village Food Centre,130027 Singapore
06343000018,1,06:34:30,07:19:30,60,60,Bukit Timah Market & Food Centre,650192 Singapore
06351700019,1,06:35:17,07:20:17,60,60,Alexandra Village Food Centre,118136 Singapore
06371400020,1,06:37:14,07:22:14,60,60,Bukit Timah Market & Food Centre,670184 Singapore
06403200021,1,06:40:32,07:25:32,60,60,Bukit Timah Market & Food Centre,279676 Singapore
06412600022,1,06:41:26,07:26:26,60,60,Ghim Moh Market & Food Centre,142059 Singapore
06424900023,1,06:42:49,07:27:49,60,60,Alexandra Village Food Centre,140182 Singapore
06452900024,1,06:45:29,07:30:29,60,60,Ghim Moh Market & Food Centre,267534 Singapore
06461200025,1,06:46:12,07:31:12,60,60,Alexandra Village Food Centre,119098 Singapore
06461700026,1,06:46:17,07:31:17,60,60,Alexandra Village Food Centre,266224 Singapore
06470800027,1,06:47:08,07:32:08,60,60,Ghim Moh Market & Food Centre,117482 Singapore
06474300028,1,06:47:43,07:32:43,60,60,Bukit Timah Market & Food Centre,288383 Singapore
06502900029,1,06:50:29,07:35:29,60,60,Ghim Moh Market & Food Centre,150118 Singapore
06511300030,1,06:51:13,07:36:13,60,60,Ghim Moh Market & Food Centre,120416 Singapore
06511500031,1,06:51:15,07:36:15,60,60,Alexandra Village Food Centre,119098 Singapore
06522300032,1,06:52:23,07:37:23,60,60,Ghim Moh Market & Food Centre,127922 Singapore
06531500033,1,06:53:15,07:38:15,60,60,Bukit Timah Market & Food Centre,269198 Singapore
06534300034,1,06:53:43,07:38:43,60,60,Bukit Timah Market & Food Centre,669613 Singapore
06542800035,1,06:54:28,07:39:28,60,60,Alexandra Village Food Centre,149740 Singapore
06545600036,1,06:54:56,07:39:56,60,60,Bukit Timah Market & Food Centre,652292 Singapore
06562900037,1,06:56:29,07:41:29,60,60,Ghim Moh Market & Food Centre,589663 Singapore
06564100038,1,06:56:41,07:41:41,60,60,Bukit Timah Market & Food Centre,271002 Singapore
06573700039,1,06:57:37,07:42:37,60,60,Bukit Timah Market & Food Centre,678087 Singapore
06574700040,1,06:57:47,07:42:47,60,60,Alexandra Village Food Centre,117686 Singapore
06575700041,1,06:57:57,07:42:57,60,60,Alexandra Village Food Centre,140087 Singapore
07000400042,1,07:00:04,07:45:04,60,60,Alexandra Village Food Centre,118719 Singapore
07013500043,1,07:01:35,07:46:35,60,60,Bukit Timah Market & Food Centre,289604 Singapore
07033300044,1,07:03:33,07:48:33,60,60,Alexandra Village Food Centre,119791 Singapore
07045500045,1,07:04:55,07:49:55,60,60,Bukit Timah Market & Food Centre,596195 Singapore
07051300046,1,07:05:13,07:50:13,60,60,Alexandra Village Food Centre,150116 Singapore
07055600047,1,07:05:56,07:50:56,60,60,Ghim Moh Market & Food Centre,128037 Singapore
07063800048,1,07:06:38,07:51:38,60,60,Bukit Timah Market & Food Centre,276308 Singapore
07073300049,1,07:07:33,07:52:33,60,60,Bukit Timah Market & Food Centre,598731 Singapore
07074600050,1,07:07:46,07:52:46,60,60,Ghim Moh Market & Food Centre,149547 Singapore
07080800051,1,07:08:08,07:53:08,60,60,Alexandra Village Food Centre,266224 Singapore
07081400052,1,07:08:14,07:53:14,60,60,Bukit Timah Market & Food Centre,276537 Singapore
07082600053,1,07:08:26,07:53:26,60,60,Alexandra Village Food Centre,159096 Singapore
07094300054,1,07:09:43,07:54:43,60,60,Bukit Timah Market & Food Centre,678274 Singapore
07105500055,1,07:10:55,07:55:55,60,60,Bukit Timah Market & Food Centre,652290 Singapore
07111300056,1,07:11:13,07:56:13,60,60,Alexandra Village Food Centre,150118 Singapore
07122500057,1,07:12:25,07:57:25,60,60,Bukit Timah Market & Food Centre,678949 Singapore
07131300058,1,07:13:13,07:58:13,60,60,Alexandra Village Food Centre,118136 Singapore
07131300059,1,07:13:13,07:58:13,60,60,Alexandra Village Food Centre,298069 Singapore
07132700060,1,07:13:27,07:58:27,60,60,Bukit Timah Market & Food Centre,679518 Singapore
07141900061,1,07:14:19,07:59:19,60,60,Bukit Timah Market & Food Centre,670211 Singapore
07142100062,1,07:14:21,07:59:21,60,60,Alexandra Village Food Centre,118797 Singapore
07160600063,1,07:16:06,08:01:06,60,60,Ghim Moh Market & Food Centre,140146 Singapore
07170700064,1,07:17:07,08:02:07,60,60,Bukit Timah Market & Food Centre,669581 Singapore
07173600065,1,07:17:36,08:02:36,60,60,Ghim Moh Market & Food Centre,589632 Singapore
07200300066,1,07:20:03,08:05:03,60,60,Bukit Timah Market & Food Centre,670184 Singapore
07200300067,1,07:20:03,08:05:03,60,60,Alexandra Village Food Centre,120410 Singapore
07200600068,1,07:20:06,08:05:06,60,60,Bukit Timah Market & Food Centre,593001 Singapore
07202600069,1,07:20:26,08:05:26,60,60,Bukit Timah Market & Food Centre,651461 Singapore
07205500070,1,07:20:55,08:05:55,60,60,Bukit Timah Market & Food Centre,587968 Singapore
07210600071,1,07:21:06,08:06:06,60,60,Ghim Moh Market & Food Centre,149456 Singapore
07214900072,1,07:21:49,08:06:49,60,60,Bukit Timah Market & Food Centre,669590 Singapore
07221200073,1,07:22:12,08:07:12,60,60,Ghim Moh Market & Food Centre,287995 Singapore
07223800074,1,07:22:38,08:07:38,60,60,Alexandra Village Food Centre,138507 Singapore
07231800075,1,07:23:18,08:08:18,60,60,Alexandra Village Food Centre,149739 Singapore
07234300076,1,07:23:43,08:08:43,60,60,Bukit Timah Market & Food Centre,653443 Singapore
07240200077,1,07:24:02,08:09:02,60,60,Bukit Timah Market & Food Centre,598738 Singapore
07240600078,1,07:24:06,08:09:06,60,60,Alexandra Village Food Centre,120414 Singapore
07241900079,1,07:24:19,08:09:19,60,60,Bukit Timah Market & Food Centre,269978 Singapore
07255700080,1,07:25:57,08:10:57,60,60,Bukit Timah Market & Food Centre,670605 Singapore
07261100081,1,07:26:11,08:11:11,60,60,Bukit Timah Market & Food Centre,679695 Singapore
07291300082,1,07:29:13,08:14:13,60,60,Alexandra Village Food Centre,266977 Singapore
07304000083,1,07:30:40,08:15:40,60,60,Alexandra Village Food Centre,149739 Singapore
07305000084,1,07:30:50,08:15:50,60,60,Alexandra Village Food Centre,142091 Singapore
07312300085,1,07:31:23,08:16:23,60,60,Bukit Timah Market & Food Centre,653442 Singapore
07312300086,1,07:31:23,08:16:23,60,60,Ghim Moh Market & Food Centre,269611 Singapore
07313100087,1,07:31:31,08:16:31,60,60,Ghim Moh Market & Food Centre,260006 Singapore
07323500088,1,07:32:35,08:17:35,60,60,Bukit Timah Market & Food Centre,267671 Singapore
07324000089,1,07:32:40,08:17:40,60,60,Bukit Timah Market & Food Centre,271003 Singapore
07324400090,1,07:32:44,08:17:44,60,60,Alexandra Village Food Centre,270001 Singapore
07325500091,1,07:32:55,08:17:55,60,60,Alexandra Village Food Centre,159018 Singapore
07325900092,1,07:32:59,08:17:59,60,60,Ghim Moh Market & Food Centre,276562 Singapore
07330100093,1,07:33:01,08:18:01,60,60,Bukit Timah Market & Food Centre,667968 Singapore
07330600094,1,07:33:06,08:18:06,60,60,Alexandra Village Food Centre,140143 Singapore
07331600095,1,07:33:16,08:18:16,60,60,Ghim Moh Market & Food Centre,275018 Singapore
07351100096,1,07:35:11,08:20:11,60,60,Ghim Moh Market & Food Centre,138614 Singapore
07353700097,1,07:35:37,08:20:37,60,60,Alexandra Village Food Centre,141079 Singapore
07355800098,1,07:35:58,08:20:58,60,60,Alexandra Village Food Centre,260004 Singapore
07360700099,1,07:36:07,08:21:07,60,60,Ghim Moh Market & Food Centre,260006 Singapore
07361200100,1,07:36:12,08:21:12,60,60,Bukit Timah Market & Food Centre,596195 Singapore
07361900101,1,07:36:19,08:21:19,60,60,Bukit Timah Market & Food Centre,597626 Singapore
07362900102,1,07:36:29,08:21:29,60,60,Alexandra Village Food Centre,141094 Singapore
07363600103,1,07:36:36,08:21:36,60,60,Alexandra Village Food Centre,267954 Singapore
07364500104,1,07:36:45,08:21:45,60,60,Alexandra Village Food Centre,126839 Singapore
07373300105,1,07:37:33,08:22:33,60,60,Bukit Timah Market & Food Centre,270013 Singapore
07393100106,1,07:39:31,08:24:31,60,60,Ghim Moh Market & Food Centre,126778 Singapore
07395500107,1,07:39:55,08:24:55,60,60,Alexandra Village Food Centre,142091 Singapore
07404800108,1,07:40:48,08:25:48,60,60,Alexandra Village Food Centre,141086 Singapore
07414600109,1,07:41:46,08:26:46,60,60,Bukit Timah Market & Food Centre,650410 Singapore
07424300110,1,07:42:43,08:27:43,60,60,Bukit Timah Market & Food Centre,270027 Singapore
07430000111,1,07:43:00,08:28:00,60,60,Bukit Timah Market & Food Centre,669630 Singapore
07430200112,1,07:43:02,08:28:02,60,60,Bukit Timah Market & Food Centre,651194 Singapore
07433300113,1,07:43:33,08:28:33,60,60,Ghim Moh Market & Food Centre,130019 Singapore
07433500114,1,07:43:35,08:28:35,60,60,Bukit Timah Market & Food Centre,679518 Singapore
07435200115,1,07:43:52,08:28:52,60,60,Alexandra Village Food Centre,150118 Singapore
07440100116,1,07:44:01,08:29:01,60,60,Bukit Timah Market & Food Centre,589489 Singapore
07444400117,1,07:44:44,08:29:44,60,60,Ghim Moh Market & Food Centre,117687 Singapore
07445000118,1,07:44:50,08:29:50,60,60,Ghim Moh Market & Food Centre,131028 Singapore
07450900119,1,07:45:09,08:30:09,60,60,Ghim Moh Market & Food Centre,266621 Singapore
07453600120,1,07:45:36,08:30:36,60,60,Bukit Timah Market & Food Centre,589662 Singapore
07455200121,1,07:45:52,08:30:52,60,60,Ghim Moh Market & Food Centre,126753 Singapore
07460500122,1,07:46:05,08:31:05,60,60,Ghim Moh Market & Food Centre,141086 Singapore
07471500123,1,07:47:15,08:32:15,60,60,Bukit Timah Market & Food Centre,669559 Singapore
07471700124,1,07:47:17,08:32:17,60,60,Alexandra Village Food Centre,271032 Singapore
07472800125,1,07:47:28,08:32:28,60,60,Alexandra Village Food Centre,159023 Singapore
07475900126,1,07:47:59,08:32:59,60,60,Ghim Moh Market & Food Centre,590004 Singapore
07510900127,1,07:51:09,08:36:09,60,60,Alexandra Village Food Centre,150118 Singapore
07524400128,1,07:52:44,08:37:44,60,60,Bukit Timah Market & Food Centre,650267 Singapore
07540000129,1,07:54:00,08:39:00,60,60,Alexandra Village Food Centre,149456 Singapore
07540700130,1,07:54:07,08:39:07,60,60,Alexandra Village Food Centre,278982 Singapore
07544800131,1,07:54:48,08:39:48,60,60,Alexandra Village Food Centre,268848 Singapore
07550400132,1,07:55:04,08:40:04,60,60,Bukit Timah Market & Food Centre,650408 Singapore
07550500133,1,07:55:05,08:40:05,60,60,Alexandra Village Food Centre,117468 Singapore
07554700134,1,07:55:47,08:40:47,60,60,Bukit Timah Market & Food Centre,670239 Singapore
07555900135,1,07:55:59,08:40:59,60,60,Ghim Moh Market & Food Centre,598919 Singapore
07564600136,1,07:56:46,08:41:46,60,60,Ghim Moh Market & Food Centre,142090 Singapore
07574100137,1,07:57:41,08:42:41,60,60,Bukit Timah Market & Food Centre,588135 Singapore
07575800138,1,07:57:58,08:42:58,60,60,Bukit Timah Market & Food Centre,589657 Singapore
07580400139,1,07:58:04,08:43:04,60,60,Bukit Timah Market & Food Centre,266744 Singapore
07585300140,1,07:58:53,08:43:53,60,60,Bukit Timah Market & Food Centre,267951 Singapore
07591500141,1,07:59:15,08:44:15,60,60,Alexandra Village Food Centre,150118 Singapore
08001100142,1,08:00:11,08:45:11,60,60,Bukit Timah Market & Food Centre,667980 Singapore
08004800143,1,08:00:48,08:45:48,60,60,Bukit Timah Market & Food Centre,288353 Singapore
08020800144,1,08:02:08,08:47:08,60,60,Bukit Timah Market & Food Centre,670601 Singapore
08023200145,1,08:02:32,08:47:32,60,60,Ghim Moh Market & Food Centre,260006 Singapore
08024300146,1,08:02:43,08:47:43,60,60,Alexandra Village Food Centre,289900 Singapore
08050800147,1,08:05:08,08:50:08,60,60,Alexandra Village Food Centre,271008 Singapore
08055700148,1,08:05:57,08:50:57,60,60,Bukit Timah Market & Food Centre,266224 Singapore
08065500149,1,08:06:55,08:51:55,60,60,Bukit Timah Market & Food Centre,679975 Singapore
08075100150,1,08:07:51,08:52:51,60,60,Alexandra Village Food Centre,269612 Singapore
08083800151,1,08:08:38,08:53:38,60,60,Alexandra Village Food Centre,271008 Singapore
08093600152,1,08:09:36,08:54:36,60,60,Bukit Timah Market & Food Centre,670216 Singapore
08094100153,1,08:09:41,08:54:41,60,60,Ghim Moh Market & Food Centre,142088 Singapore
08101500154,1,08:10:15,08:55:15,60,60,Alexandra Village Food Centre,117481 Singapore
08102000155,1,08:10:20,08:55:20,60,60,Bukit Timah Market & Food Centre,266665 Singapore
08113200156,1,08:11:32,08:56:32,60,60,Bukit Timah Market & Food Centre,650421 Singapore
08113600157,1,08:11:36,08:56:36,60,60,Bukit Timah Market & Food Centre,278833 Singapore
08122500158,1,08:12:25,08:57:25,60,60,Alexandra Village Food Centre,159026 Singapore
08123600159,1,08:12:36,08:57:36,60,60,Alexandra Village Food Centre,289900 Singapore
08124500160,1,08:12:45,08:57:45,60,60,Bukit Timah Market & Food Centre,587916 Singapore
08130200161,1,08:13:02,08:58:02,60,60,Bukit Timah Market & Food Centre,267181 Singapore
08132900162,1,08:13:29,08:58:29,60,60,Alexandra Village Food Centre,141052 Singapore
08133700163,1,08:13:37,08:58:37,60,60,Bukit Timah Market & Food Centre,269203 Singapore
08135000164,1,08:13:50,08:58:50,60,60,Bukit Timah Market & Food Centre,259281 Singapore
08141800165,1,08:14:18,08:59:18,60,60,Alexandra Village Food Centre,140064 Singapore
08143900166,1,08:14:39,08:59:39,60,60,Bukit Timah Market & Food Centre,287390 Singapore
08145200167,1,08:14:52,08:59:52,60,60,Alexandra Village Food Centre,275018 Singapore
08152100168,1,08:15:21,09:00:21,60,60,Bukit Timah Market & Food Centre,650320 Singapore
08154600169,1,08:15:46,09:00:46,60,60,Bukit Timah Market & Food Centre,288058 Singapore
08163800170,1,08:16:38,09:01:38,60,60,Alexandra Village Food Centre,267952 Singapore
08165400171,1,08:16:54,09:01:54,60,60,Ghim Moh Market & Food Centre,118108 Singapore
08172300172,1,08:17:23,09:02:23,60,60,Ghim Moh Market & Food Centre,589660 Singapore
08180500173,1,08:18:05,09:03:05,60,60,Ghim Moh Market & Food Centre,117482 Singapore
08182300174,1,08:18:23,09:03:23,60,60,Bukit Timah Market & Food Centre,679695 Singapore
08182600175,1,08:18:26,09:03:26,60,60,Alexandra Village Food Centre,279563 Singapore
08184000176,1,08:18:40,09:03:40,60,60,Ghim Moh Market & Food Centre,269151 Singapore
08185700177,1,08:18:57,09:03:57,60,60,Bukit Timah Market & Food Centre,587845 Singapore
08201500178,1,08:20:15,09:05:15,60,60,Bukit Timah Market & Food Centre,653292 Singapore
08203300179,1,08:20:33,09:05:33,60,60,Bukit Timah Market & Food Centre,679519 Singapore
08204300180,1,08:20:43,09:05:43,60,60,Bukit Timah Market & Food Centre,679695 Singapore
08205200181,1,08:20:52,09:05:52,60,60,Alexandra Village Food Centre,271032 Singapore
08205600182,1,08:20:56,09:05:56,60,60,Alexandra Village Food Centre,159553 Singapore
08213700183,1,08:21:37,09:06:37,60,60,Bukit Timah Market & Food Centre,670184 Singapore
08214200184,1,08:21:42,09:06:42,60,60,Bukit Timah Market & Food Centre,277051 Singapore
08214500185,1,08:21:45,09:06:45,60,60,Alexandra Village Food Centre,267660 Singapore
08222200186,1,08:22:22,09:07:22,60,60,Bukit Timah Market & Food Centre,589662 Singapore
08222300187,1,08:22:23,09:07:23,60,60,Alexandra Village Food Centre,141052 Singapore
08232200188,1,08:23:22,09:08:22,60,60,Alexandra Village Food Centre,159959 Singapore
08235900189,1,08:23:59,09:08:59,60,60,Alexandra Village Food Centre,149739 Singapore
08241800190,1,08:24:18,09:09:18,60,60,Bukit Timah Market & Food Centre,279649 Singapore
08242300191,1,08:24:23,09:09:23,60,60,Alexandra Village Food Centre,119098 Singapore
08243400192,1,08:24:34,09:09:34,60,60,Alexandra Village Food Centre,268215 Singapore
08244000193,1,08:24:40,09:09:40,60,60,Bukit Timah Market & Food Centre,678087 Singapore
08253300194,1,08:25:33,09:10:33,60,60,Bukit Timah Market & Food Centre,258815 Singapore
08253800195,1,08:25:38,09:10:38,60,60,Ghim Moh Market & Food Centre,118892 Singapore
08254100196,1,08:25:41,09:10:41,60,60,Alexandra Village Food Centre,140056 Singapore
08260300197,1,08:26:03,09:11:03,60,60,Bukit Timah Market & Food Centre,670275 Singapore
08260800198,1,08:26:08,09:11:08,60,60,Ghim Moh Market & Food Centre,127140 Singapore
08261700199,1,08:26:17,09:11:17,60,60,Alexandra Village Food Centre,288448 Singapore
08262700200,1,08:26:27,09:11:27,60,60,Bukit Timah Market & Food Centre,670544 Singapore
08265100201,1,08:26:51,09:11:51,60,60,Bukit Timah Market & Food Centre,266338 Singapore
08265200202,1,08:26:52,09:11:52,60,60,Bukit Timah Market & Food Centre,651447 Singapore
08265900203,1,08:26:59,09:11:59,60,60,Alexandra Village Food Centre,142090 Singapore
08272100204,1,08:27:21,09:12:21,60,60,Alexandra Village Food Centre,120418 Singapore
08274900205,1,08:27:49,09:12:49,60,60,Bukit Timah Market & Food Centre,650221 Singapore
08280400206,1,08:28:04,09:13:04,60,60,Alexandra Village Food Centre,158744 Singapore
08290100207,1,08:29:01,09:14:01,60,60,Bukit Timah Market & Food Centre,266744 Singapore
08291300208,1,08:29:13,09:14:13,60,60,Alexandra Village Food Centre,279809 Singapore
08292300209,1,08:29:23,09:14:23,60,60,Ghim Moh Market & Food Centre,117482 Singapore
08295500210,1,08:29:55,09:14:55,60,60,Ghim Moh Market & Food Centre,596198 Singapore
08295600211,1,08:29:56,09:14:56,60,60,Alexandra Village Food Centre,129960 Singapore
08302200212,1,08:30:22,09:15:22,60,60,Alexandra Village Food Centre,140087 Singapore
08303300213,1,08:30:33,09:15:33,60,60,Alexandra Village Food Centre,117422 Singapore
08303800214,1,08:30:38,09:15:38,60,60,Alexandra Village Food Centre,267951 Singapore
08310600215,1,08:31:06,09:16:06,60,60,Alexandra Village Food Centre,260003 Singapore
08311000216,1,08:31:10,09:16:10,60,60,Bukit Timah Market & Food Centre,279676 Singapore
08311200217,1,08:31:12,09:16:12,60,60,Ghim Moh Market & Food Centre,143061 Singapore
08314600218,1,08:31:46,09:16:46,60,60,Alexandra Village Food Centre,140081 Singapore
08314800219,1,08:31:48,09:16:48,60,60,Ghim Moh Market & Food Centre,589651 Singapore
08314900220,1,08:31:49,09:16:49,60,60,Alexandra Village Food Centre,268167 Singapore
08315100221,1,08:31:51,09:16:51,60,60,Bukit Timah Market & Food Centre,266242 Singapore
08323000222,1,08:32:30,09:17:30,60,60,Bukit Timah Market & Food Centre,276308 Singapore
08334000223,1,08:33:40,09:18:40,60,60,Ghim Moh Market & Food Centre,276562 Singapore
08342800224,1,08:34:28,09:19:28,60,60,Ghim Moh Market & Food Centre,122312 Singapore
08343300225,1,08:34:33,09:19:33,60,60,Bukit Timah Market & Food Centre,679668 Singapore
08344700226,1,08:34:47,09:19:47,60,60,Ghim Moh Market & Food Centre,134028 Singapore
08345300227,1,08:34:53,09:19:53,60,60,Ghim Moh Market & Food Centre,139350 Singapore
08345600228,1,08:34:56,09:19:56,60,60,Alexandra Village Food Centre,260008 Singapore
08351600229,1,08:35:16,09:20:16,60,60,Bukit Timah Market & Food Centre,678274 Singapore
08352000230,1,08:35:20,09:20:20,60,60,Alexandra Village Food Centre,138638 Singapore
08355400231,1,08:35:54,09:20:54,60,60,Alexandra Village Food Centre,150118 Singapore
08360900232,1,08:36:09,09:21:09,60,60,Ghim Moh Market & Food Centre,270027 Singapore
08361800233,1,08:36:18,09:21:18,60,60,Ghim Moh Market & Food Centre,599094 Singapore
08361900234,1,08:36:19,09:21:19,60,60,Bukit Timah Market & Food Centre,670170 Singapore
08364200235,1,08:36:42,09:21:42,60,60,Alexandra Village Food Centre,118136 Singapore
08364700236,1,08:36:47,09:21:47,60,60,Alexandra Village Food Centre,131028 Singapore
08365000237,1,08:36:50,09:21:50,60,60,Alexandra Village Food Centre,138686 Singapore
08373000238,1,08:37:30,09:22:30,60,60,Bukit Timah Market & Food Centre,679522 Singapore
08373200239,1,08:37:32,09:22:32,60,60,Bukit Timah Market & Food Centre,589489 Singapore
08374700240,1,08:37:47,09:22:47,60,60,Ghim Moh Market & Food Centre,120424 Singapore
08375400241,1,08:37:54,09:22:54,60,60,Bukit Timah Market & Food Centre,653442 Singapore
08380900242,1,08:38:09,09:23:09,60,60,Alexandra Village Food Centre,130027 Singapore
08391300243,1,08:39:13,09:24:13,60,60,Ghim Moh Market & Food Centre,267088 Singapore
08393100244,1,08:39:31,09:24:31,60,60,Alexandra Village Food Centre,277444 Singapore
08393700245,1,08:39:37,09:24:37,60,60,Bukit Timah Market & Food Centre,270013 Singapore
08400400246,1,08:40:04,09:25:04,60,60,Bukit Timah Market & Food Centre,659636 Singapore
08400400247,1,08:40:04,09:25:04,60,60,Bukit Timah Market & Food Centre,269030 Singapore
08400400248,1,08:40:04,09:25:04,60,60,Ghim Moh Market & Food Centre,597626 Singapore
08401300249,1,08:40:13,09:25:13,60,60,Bukit Timah Market & Food Centre,670236 Singapore
08403800250,1,08:40:38,09:25:38,60,60,Ghim Moh Market & Food Centre,287995 Singapore
08404000251,1,08:40:40,09:25:40,60,60,Alexandra Village Food Centre,140056 Singapore
08410500252,1,08:41:05,09:26:05,60,60,Bukit Timah Market & Food Centre,650267 Singapore
08421200253,1,08:42:12,09:27:12,60,60,Ghim Moh Market & Food Centre,159026 Singapore
08421800254,1,08:42:18,09:27:18,60,60,Ghim Moh Market & Food Centre,129791 Singapore
08424600255,1,08:42:46,09:27:46,60,60,Bukit Timah Market & Food Centre,278731 Singapore
08431600256,1,08:43:16,09:28:16,60,60,Alexandra Village Food Centre,159022 Singapore
08432600257,1,08:43:26,09:28:26,60,60,Bukit Timah Market & Food Centre,597090 Singapore
08434200258,1,08:43:42,09:28:42,60,60,Alexandra Village Food Centre,140082 Singapore
08435900259,1,08:43:59,09:28:59,60,60,Bukit Timah Market & Food Centre,652449 Singapore
08440300260,1,08:44:03,09:29:03,60,60,Ghim Moh Market & Food Centre,140055 Singapore
08445000261,1,08:44:50,09:29:50,60,60,Alexandra Village Food Centre,149740 Singapore
08445800262,1,08:44:58,09:29:58,60,60,Ghim Moh Market & Food Centre,122445 Singapore
08450200263,1,08:45:02,09:30:02,60,60,Bukit Timah Market & Food Centre,670178 Singapore
08454700264,1,08:45:47,09:30:47,60,60,Bukit Timah Market & Food Centre,271022 Singapore
08455800265,1,08:45:58,09:30:58,60,60,Bukit Timah Market & Food Centre,267671 Singapore
08464100266,1,08:46:41,09:31:41,60,60,Bukit Timah Market & Food Centre,653441 Singapore
08465500267,1,08:46:55,09:31:55,60,60,Alexandra Village Food Centre,271022 Singapore
08465500268,1,08:46:55,09:31:55,60,60,Ghim Moh Market & Food Centre,589642 Singapore
08470700269,1,08:47:07,09:32:07,60,60,Alexandra Village Food Centre,159023 Singapore
08485600270,1,08:48:56,09:33:56,60,60,Bukit Timah Market & Food Centre,652292 Singapore
08490900271,1,08:49:09,09:34:09,60,60,Bukit Timah Market & Food Centre,271013 Singapore
08493400272,1,08:49:34,09:34:34,60,60,Bukit Timah Market & Food Centre,667978 Singapore
08495900273,1,08:49:59,09:34:59,60,60,Bukit Timah Market & Food Centre,651293 Singapore
08500100274,1,08:50:01,09:35:01,60,60,Ghim Moh Market & Food Centre,277051 Singapore
08501900275,1,08:50:19,09:35:19,60,60,Bukit Timah Market & Food Centre,596739 Singapore
08502200276,1,08:50:22,09:35:22,60,60,Ghim Moh Market & Food Centre,600404 Singapore
08505800277,1,08:50:58,09:35:58,60,60,Alexandra Village Food Centre,118166 Singapore
08513900278,1,08:51:39,09:36:39,60,60,Alexandra Village Food Centre,276693 Singapore
08525800279,1,08:52:58,09:37:58,60,60,Ghim Moh Market & Food Centre,130018 Singapore
08534500280,1,08:53:45,09:38:45,60,60,Ghim Moh Market & Food Centre,267088 Singapore
08535000281,1,08:53:50,09:38:50,60,60,Alexandra Village Food Centre,140155 Singapore
08541400282,1,08:54:14,09:39:14,60,60,Bukit Timah Market & Food Centre,650287 Singapore
08545500283,1,08:54:55,09:39:55,60,60,Bukit Timah Market & Food Centre,288435 Singapore
08552600284,1,08:55:26,09:40:26,60,60,Alexandra Village Food Centre,140143 Singapore
08553000285,1,08:55:30,09:40:30,60,60,Alexandra Village Food Centre,118166 Singapore
08553400286,1,08:55:34,09:40:34,60,60,Bukit Timah Market & Food Centre,650627 Singapore
08553800287,1,08:55:38,09:40:38,60,60,Alexandra Village Food Centre,289900 Singapore
08560700288,1,08:56:07,09:41:07,60,60,Alexandra Village Food Centre,141081 Singapore
08562100289,1,08:56:21,09:41:21,60,60,Bukit Timah Market & Food Centre,588676 Singapore
08572600290,1,08:57:26,09:42:26,60,60,Alexandra Village Food Centre,117439 Singapore
08573300291,1,08:57:33,09:42:33,60,60,Alexandra Village Food Centre,277923 Singapore
08574700292,1,08:57:47,09:42:47,60,60,Bukit Timah Market & Food Centre,258853 Singapore
08585500293,1,08:58:55,09:43:55,60,60,Bukit Timah Market & Food Centre,659801 Singapore
08592600294,1,08:59:26,09:44:26,60,60,Bukit Timah Market & Food Centre,266944 Singapore
08595900295,1,08:59:59,09:44:59,60,60,Bukit Timah Market & Food Centre,260008 Singapore
09002000296,1,09:00:20,09:45:20,60,60,Ghim Moh Market & Food Centre,278737 Singapore
09004000297,1,09:00:40,09:45:40,60,60,Bukit Timah Market & Food Centre,650256 Singapore
09005000298,1,09:00:50,09:45:50,60,60,Bukit Timah Market & Food Centre,653448 Singapore
09012100299,1,09:01:21,09:46:21,60,60,Bukit Timah Market & Food Centre,679522 Singapore
09014500300,1,09:01:45,09:46:45,60,60,Bukit Timah Market & Food Centre,597626 Singapore
09021700301,1,09:02:17,09:47:17,60,60,Ghim Moh Market & Food Centre,299888 Singapore
09022800302,1,09:02:28,09:47:28,60,60,Ghim Moh Market & Food Centre,288433 Singapore
09024400303,1,09:02:44,09:47:44,60,60,Bukit Timah Market & Food Centre,650389 Singapore
09024800304,1,09:02:48,09:47:48,60,60,Bukit Timah Market & Food Centre,670605 Singapore
09030500305,1,09:03:05,09:48:05,60,60,Bukit Timah Market & Food Centre,650266 Singapore
09030800306,1,09:03:08,09:48:08,60,60,Bukit Timah Market & Food Centre,288353 Singapore
09032000307,1,09:03:20,09:48:20,60,60,Ghim Moh Market & Food Centre,123312 Singapore
09032300308,1,09:03:23,09:48:23,60,60,Alexandra Village Food Centre,120423 Singapore
09032800309,1,09:03:28,09:48:28,60,60,Ghim Moh Market & Food Centre,126753 Singapore
09033600310,1,09:03:36,09:48:36,60,60,Alexandra Village Food Centre,118136 Singapore
09040300311,1,09:04:03,09:49:03,60,60,Alexandra Village Food Centre,275827 Singapore
09040500312,1,09:04:05,09:49:05,60,60,Bukit Timah Market & Food Centre,258815 Singapore
09043100313,1,09:04:31,09:49:31,60,60,Bukit Timah Market & Food Centre,654288 Singapore
09052300314,1,09:05:23,09:50:23,60,60,Alexandra Village Food Centre,297768 Singapore
09055800315,1,09:05:58,09:50:58,60,60,Alexandra Village Food Centre,268836 Singapore
09060300316,1,09:06:03,09:51:03,60,60,Alexandra Village Food Centre,267955 Singapore
09060500317,1,09:06:05,09:51:05,60,60,Bukit Timah Market & Food Centre,679695 Singapore
09062500318,1,09:06:25,09:51:25,60,60,Bukit Timah Market & Food Centre,679695 Singapore
09062600319,1,09:06:26,09:51:26,60,60,Bukit Timah Market & Food Centre,679668 Singapore
09062700320,1,09:06:27,09:51:27,60,60,Bukit Timah Market & Food Centre,276543 Singapore
09063400321,1,09:06:34,09:51:34,60,60,Alexandra Village Food Centre,118525 Singapore
09071700322,1,09:07:17,09:52:17,60,60,Alexandra Village Food Centre,158749 Singapore
09073600323,1,09:07:36,09:52:36,60,60,Bukit Timah Market & Food Centre,259281 Singapore
09080200324,1,09:08:02,09:53:02,60,60,Bukit Timah Market & Food Centre,677671 Singapore
09080400325,1,09:08:04,09:53:04,60,60,Bukit Timah Market & Food Centre,277051 Singapore
09082000326,1,09:08:20,09:53:20,60,60,Bukit Timah Market & Food Centre,267671 Singapore
09082100327,1,09:08:21,09:53:21,60,60,Ghim Moh Market & Food Centre,149740 Singapore
09083600328,1,09:08:36,09:53:36,60,60,Ghim Moh Market & Food Centre,287995 Singapore
09084000329,1,09:08:40,09:53:40,60,60,Bukit Timah Market & Food Centre,670236 Singapore
09085200330,1,09:08:52,09:53:52,60,60,Ghim Moh Market & Food Centre,288433 Singapore
09091600331,1,09:09:16,09:54:16,60,60,Bukit Timah Market & Food Centre,258853 Singapore
09092300332,1,09:09:23,09:54:23,60,60,Bukit Timah Market & Food Centre,277007 Singapore
09093100333,1,09:09:31,09:54:31,60,60,Alexandra Village Food Centre,120613 Singapore
09093100334,1,09:09:31,09:54:31,60,60,Alexandra Village Food Centre,117439 Singapore
09100000335,1,09:10:00,09:55:00,60,60,Ghim Moh Market & Food Centre,598225 Singapore
09103600336,1,09:10:36,09:55:36,60,60,Alexandra Village Food Centre,118166 Singapore
09103900337,1,09:10:39,09:55:39,60,60,Alexandra Village Food Centre,267955 Singapore
09114000338,1,09:11:40,09:56:40,60,60,Alexandra Village Food Centre,278698 Singapore
09114500339,1,09:11:45,09:56:45,60,60,Bukit Timah Market & Food Centre,651449 Singapore
09122700340,1,09:12:27,09:57:27,60,60,Alexandra Village Food Centre,120418 Singapore
09123200341,1,09:12:32,09:57:32,60,60,Alexandra Village Food Centre,138633 Singapore
09123200342,1,09:12:32,09:57:32,60,60,Alexandra Village Food Centre,149739 Singapore
09125400343,1,09:12:54,09:57:54,60,60,Alexandra Village Food Centre,159961 Singapore
09130400344,1,09:13:04,09:58:04,60,60,Alexandra Village Food Centre,278636 Singapore
09132100345,1,09:13:21,09:58:21,60,60,Bukit Timah Market & Food Centre,650223 Singapore
09133800346,1,09:13:38,09:58:38,60,60,Alexandra Village Food Centre,134028 Singapore
09135900347,1,09:13:59,09:58:59,60,60,Bukit Timah Market & Food Centre,279676 Singapore
09141700348,1,09:14:17,09:59:17,60,60,Alexandra Village Food Centre,119962 Singapore
09142200349,1,09:14:22,09:59:22,60,60,Ghim Moh Market & Food Centre,120324 Singapore
09142300350,1,09:14:23,09:59:23,60,60,Bukit Timah Market & Food Centre,679371 Singapore
09143100351,1,09:14:31,09:59:31,60,60,Bukit Timah Market & Food Centre,258853 Singapore
09150900352,1,09:15:09,10:00:09,60,60,Bukit Timah Market & Food Centre,271003 Singapore
09152700353,1,09:15:27,10:00:27,60,60,Bukit Timah Market & Food Centre,275018 Singapore
09160100354,1,09:16:01,10:01:01,60,60,Alexandra Village Food Centre,117481 Singapore
09161600355,1,09:16:16,10:01:16,60,60,Alexandra Village Food Centre,138686 Singapore
09163700356,1,09:16:37,10:01:37,60,60,Alexandra Village Food Centre,140082 Singapore
09163800357,1,09:16:38,10:01:38,60,60,Bukit Timah Market & Food Centre,593001 Singapore
09164400358,1,09:16:44,10:01:44,60,60,Alexandra Village Food Centre,158744 Singapore
09165000359,1,09:16:50,10:01:50,60,60,Alexandra Village Food Centre,158741 Singapore
09165600360,1,09:16:56,10:01:56,60,60,Bukit Timah Market & Food Centre,670216 Singapore
09165900361,1,09:16:59,10:01:59,60,60,Alexandra Village Food Centre,117468 Singapore
09170300362,1,09:17:03,10:02:03,60,60,Bukit Timah Market & Food Centre,679695 Singapore
09171100363,1,09:17:11,10:02:11,60,60,Alexandra Village Food Centre,141086 Singapore
09171600364,1,09:17:16,10:02:16,60,60,Ghim Moh Market & Food Centre,287995 Singapore
09174100365,1,09:17:41,10:02:41,60,60,Alexandra Village Food Centre,149457 Singapore
09180300366,1,09:18:03,10:03:03,60,60,Alexandra Village Food Centre,142088 Singapore
09181700367,1,09:18:17,10:03:17,60,60,Bukit Timah Market & Food Centre,678274 Singapore
09192100368,1,09:19:21,10:04:21,60,60,Bukit Timah Market & Food Centre,650304 Singapore
09200500369,1,09:20:05,10:05:05,60,60,Alexandra Village Food Centre,141090 Singapore
09201000370,1,09:20:10,10:05:10,60,60,Ghim Moh Market & Food Centre,289886 Singapore
09203000371,1,09:20:30,10:05:30,60,60,Alexandra Village Food Centre,298069 Singapore
09203600372,1,09:20:36,10:05:36,60,60,Alexandra Village Food Centre,118136 Singapore
09203800373,1,09:20:38,10:05:38,60,60,Bukit Timah Market & Food Centre,589484 Singapore
09204600374,1,09:20:46,10:05:46,60,60,Ghim Moh Market & Food Centre,589918 Singapore
09212700375,1,09:21:27,10:06:27,60,60,Alexandra Village Food Centre,149739 Singapore
09212700376,1,09:21:27,10:06:27,60,60,Bukit Timah Market & Food Centre,678949 Singapore
09213200377,1,09:21:32,10:06:32,60,60,Alexandra Village Food Centre,159026 Singapore
09220000378,1,09:22:00,10:07:00,60,60,Ghim Moh Market & Food Centre,596428 Singapore
09220500379,1,09:22:05,10:07:05,60,60,Alexandra Village Food Centre,260004 Singapore
09223700380,1,09:22:37,10:07:37,60,60,Ghim Moh Market & Food Centre,120377 Singapore
09224100381,1,09:22:41,10:07:41,60,60,Alexandra Village Food Centre,140025 Singapore
09230400382,1,09:23:04,10:08:04,60,60,Ghim Moh Market & Food Centre,260006 Singapore
09232800383,1,09:23:28,10:08:28,60,60,Ghim Moh Market & Food Centre,159027 Singapore
09233500384,1,09:23:35,10:08:35,60,60,Bukit Timah Market & Food Centre,270013 Singapore
09242800385,1,09:24:28,10:09:28,60,60,Alexandra Village Food Centre,120416 Singapore
09243000386,1,09:24:30,10:09:30,60,60,Bukit Timah Market & Food Centre,587849 Singapore
09244700387,1,09:24:47,10:09:47,60,60,Ghim Moh Market & Food Centre,119554 Singapore
09251700388,1,09:25:17,10:10:17,60,60,Ghim Moh Market & Food Centre,276308 Singapore
09252500389,1,09:25:25,10:10:25,60,60,Alexandra Village Food Centre,150118 Singapore
09253500390,1,09:25:35,10:10:35,60,60,Alexandra Village Food Centre,117687 Singapore
09255400391,1,09:25:54,10:10:54,60,60,Bukit Timah Market & Food Centre,266744 Singapore
09260100392,1,09:26:01,10:11:01,60,60,Alexandra Village Food Centre,140082 Singapore
09261700393,1,09:26:17,10:11:17,60,60,Bukit Timah Market & Food Centre,650257 Singapore
09261800394,1,09:26:18,10:11:18,60,60,Bukit Timah Market & Food Centre,270028 Singapore
09263000395,1,09:26:30,10:11:30,60,60,Ghim Moh Market & Food Centre,141089 Singapore
09263200396,1,09:26:32,10:11:32,60,60,Bukit Timah Market & Food Centre,678274 Singapore
09264700397,1,09:26:47,10:11:47,60,60,Ghim Moh Market & Food Centre,598844 Singapore
09271300398,1,09:27:13,10:12:13,60,60,Ghim Moh Market & Food Centre,598293 Singapore
09273500399,1,09:27:35,10:12:35,60,60,Bukit Timah Market & Food Centre,667978 Singapore
09280200400,1,09:28:02,10:13:02,60,60,Bukit Timah Market & Food Centre,659636 Singapore
09282400401,1,09:28:24,10:13:24,60,60,Ghim Moh Market & Food Centre,266795 Singapore
09283100402,1,09:28:31,10:13:31,60,60,Bukit Timah Market & Food Centre,679975 Singapore
09285600403,1,09:28:56,10:13:56,60,60,Bukit Timah Market & Food Centre,658005 Singapore
09291700404,1,09:29:17,10:14:17,60,60,Bukit Timah Market & Food Centre,596229 Singapore
09292200405,1,09:29:22,10:14:22,60,60,Bukit Timah Market & Food Centre,651293 Singapore
09305500406,1,09:30:55,10:15:55,60,60,Ghim Moh Market & Food Centre,117659 Singapore
09313000407,1,09:31:30,10:16:30,60,60,Alexandra Village Food Centre,140184 Singapore
09313100408,1,09:31:31,10:16:31,60,60,Alexandra Village Food Centre,141095 Singapore
09314400409,1,09:31:44,10:16:44,60,60,Bukit Timah Market & Food Centre,598731 Singapore
09314600410,1,09:31:46,10:16:46,60,60,Ghim Moh Market & Food Centre,270015 Singapore
09322500411,1,09:32:25,10:17:25,60,60,Bukit Timah Market & Food Centre,669012 Singapore
09323700412,1,09:32:37,10:17:37,60,60,Alexandra Village Food Centre,119915 Singapore
09324000413,1,09:32:40,10:17:40,60,60,Alexandra Village Food Centre,117468 Singapore
09332500414,1,09:33:25,10:18:25,60,60,Alexandra Village Food Centre,260004 Singapore
09335200415,1,09:33:52,10:18:52,60,60,Ghim Moh Market & Food Centre,288735 Singapore
09335200416,1,09:33:52,10:18:52,60,60,Ghim Moh Market & Food Centre,598943 Singapore
09335600417,1,09:33:56,10:18:56,60,60,Bukit Timah Market & Food Centre,653296 Singapore
09341500418,1,09:34:15,10:19:15,60,60,Ghim Moh Market & Food Centre,142059 Singapore
09341500419,1,09:34:15,10:19:15,60,60,Bukit Timah Market & Food Centre,650387 Singapore
09343100420,1,09:34:31,10:19:31,60,60,Alexandra Village Food Centre,299204 Singapore
09343900421,1,09:34:39,10:19:39,60,60,Alexandra Village Food Centre,159025 Singapore
09350000422,1,09:35:00,10:20:00,60,60,Ghim Moh Market & Food Centre,128809 Singapore
09350700423,1,09:35:07,10:20:07,60,60,Ghim Moh Market & Food Centre,271003 Singapore
09350900424,1,09:35:09,10:20:09,60,60,Alexandra Village Food Centre,272009 Singapore
09351100425,1,09:35:11,10:20:11,60,60,Alexandra Village Food Centre,267671 Singapore
09352200426,1,09:35:22,10:20:22,60,60,Bukit Timah Market & Food Centre,670211 Singapore
09352800427,1,09:35:28,10:20:28,60,60,Bukit Timah Market & Food Centre,670163 Singapore
09361400428,1,09:36:14,10:21:14,60,60,Bukit Timah Market & Food Centre,269198 Singapore
09364100429,1,09:36:41,10:21:41,60,60,Alexandra Village Food Centre,141095 Singapore
09371100430,1,09:37:11,10:22:11,60,60,Bukit Timah Market & Food Centre,287534 Singapore
09373200431,1,09:37:32,10:22:32,60,60,Bukit Timah Market & Food Centre,276308 Singapore
09381300432,1,09:38:13,10:23:13,60,60,Bukit Timah Market & Food Centre,651437 Singapore
09383800433,1,09:38:38,10:23:38,60,60,Alexandra Village Food Centre,267829 Singapore
09383800434,1,09:38:38,10:23:38,60,60,Alexandra Village Food Centre,266375 Singapore
09384700435,1,09:38:47,10:23:47,60,60,Bukit Timah Market & Food Centre,597502 Singapore
09385100436,1,09:38:51,10:23:51,60,60,Alexandra Village Food Centre,271006 Singapore
09385200437,1,09:38:52,10:23:52,60,60,Alexandra Village Food Centre,129792 Singapore
09385500438,1,09:38:55,10:23:55,60,60,Ghim Moh Market & Food Centre,591301 Singapore
09385500439,1,09:38:55,10:23:55,60,60,Alexandra Village Food Centre,159053 Singapore
09390500440,1,09:39:05,10:24:05,60,60,Bukit Timah Market & Food Centre,589484 Singapore
09390600441,1,09:39:06,10:24:06,60,60,Alexandra Village Food Centre,149740 Singapore
09390600442,1,09:39:06,10:24:06,60,60,Ghim Moh Market & Food Centre,140037 Singapore
09392200443,1,09:39:22,10:24:22,60,60,Alexandra Village Food Centre,138507 Singapore
09392500444,1,09:39:25,10:24:25,60,60,Bukit Timah Market & Food Centre,650446 Singapore
09395400445,1,09:39:54,10:24:54,60,60,Bukit Timah Market & Food Centre,598731 Singapore
09401300446,1,09:40:13,10:25:13,60,60,Bukit Timah Market & Food Centre,587845 Singapore
09401300447,1,09:40:13,10:25:13,60,60,Ghim Moh Market & Food Centre,276272 Singapore
09402900448,1,09:40:29,10:25:29,60,60,Alexandra Village Food Centre,138507 Singapore
09405700449,1,09:40:57,10:25:57,60,60,Alexandra Village Food Centre,278731 Singapore
09410000450,1,09:41:00,10:26:00,60,60,Alexandra Village Food Centre,138507 Singapore
09410400451,1,09:41:04,10:26:04,60,60,Ghim Moh Market & Food Centre,260006 Singapore
09410400452,1,09:41:04,10:26:04,60,60,Bukit Timah Market & Food Centre,677671 Singapore
09410900453,1,09:41:09,10:26:09,60,60,Bukit Timah Market & Food Centre,267671 Singapore
09411000454,1,09:41:10,10:26:10,60,60,Alexandra Village Food Centre,159053 Singapore
09414400455,1,09:41:44,10:26:44,60,60,Bukit Timah Market & Food Centre,597626 Singapore
09420200456,1,09:42:02,10:27:02,60,60,Ghim Moh Market & Food Centre,141090 Singapore
09421900457,1,09:42:19,10:27:19,60,60,Bukit Timah Market & Food Centre,589624 Singapore
09425800458,1,09:42:58,10:27:58,60,60,Bukit Timah Market & Food Centre,670167 Singapore
09432500459,1,09:43:25,10:28:25,60,60,Ghim Moh Market & Food Centre,270029 Singapore
09432500460,1,09:43:25,10:28:25,60,60,Bukit Timah Market & Food Centre,670216 Singapore
09434900461,1,09:43:49,10:28:49,60,60,Alexandra Village Food Centre,138638 Singapore
09435900462,1,09:43:59,10:28:59,60,60,Ghim Moh Market & Food Centre,589652 Singapore
09440800463,1,09:44:08,10:29:08,60,60,Bukit Timah Market & Food Centre,598741 Singapore
09442000464,1,09:44:20,10:29:20,60,60,Alexandra Village Food Centre,150118 Singapore
09442700465,1,09:44:27,10:29:27,60,60,Bukit Timah Market & Food Centre,266247 Singapore
09444400466,1,09:44:44,10:29:44,60,60,Alexandra Village Food Centre,267954 Singapore
09444600467,1,09:44:46,10:29:46,60,60,Alexandra Village Food Centre,141007 Singapore
09445600468,1,09:44:56,10:29:56,60,60,Bukit Timah Market & Food Centre,674443 Singapore
09450400469,1,09:45:04,10:30:04,60,60,Ghim Moh Market & Food Centre,599506 Singapore
09451100470,1,09:45:11,10:30:11,60,60,Alexandra Village Food Centre,141090 Singapore
09451300471,1,09:45:13,10:30:13,60,60,Alexandra Village Food Centre,141090 Singapore
09452800472,1,09:45:28,10:30:28,60,60,Ghim Moh Market & Food Centre,272030 Singapore
09453700473,1,09:45:37,10:30:37,60,60,Bukit Timah Market & Food Centre,656288 Singapore
09461400474,1,09:46:14,10:31:14,60,60,Alexandra Village Food Centre,119791 Singapore
09461800475,1,09:46:18,10:31:18,60,60,Alexandra Village Food Centre,149456 Singapore
09462400476,1,09:46:24,10:31:24,60,60,Bukit Timah Market & Food Centre,659244 Singapore
09462600477,1,09:46:26,10:31:26,60,60,Bukit Timah Market & Food Centre,267951 Singapore
09465000478,1,09:46:50,10:31:50,60,60,Ghim Moh Market & Food Centre,267955 Singapore
09470900479,1,09:47:09,10:32:09,60,60,Ghim Moh Market & Food Centre,119554 Singapore
09471100480,1,09:47:11,10:32:11,60,60,Ghim Moh Market & Food Centre,159027 Singapore
09472100481,1,09:47:21,10:32:21,60,60,Bukit Timah Market & Food Centre,598678 Singapore
09473700482,1,09:47:37,10:32:37,60,60,Bukit Timah Market & Food Centre,268799 Singapore
09474200483,1,09:47:42,10:32:42,60,60,Alexandra Village Food Centre,289900 Singapore
09475700484,1,09:47:57,10:32:57,60,60,Bukit Timah Market & Food Centre,267671 Singapore
09480600485,1,09:48:06,10:33:06,60,60,Bukit Timah Market & Food Centre,650384 Singapore
09481100486,1,09:48:11,10:33:11,60,60,Alexandra Village Food Centre,119098 Singapore
09482800487,1,09:48:28,10:33:28,60,60,Ghim Moh Market & Food Centre,589657 Singapore
09484600488,1,09:48:46,10:33:46,60,60,Alexandra Village Food Centre,141079 Singapore
09485200489,1,09:48:52,10:33:52,60,60,Alexandra Village Food Centre,158744 Singapore
09490600490,1,09:49:06,10:34:06,60,60,Bukit Timah Market & Food Centre,653288 Singapore
09490600491,1,09:49:06,10:34:06,60,60,Alexandra Village Food Centre,279013 Singapore
09493400492,1,09:49:34,10:34:34,60,60,Bukit Timah Market & Food Centre,287534 Singapore
09493800493,1,09:49:38,10:34:38,60,60,Alexandra Village Food Centre,278731 Singapore
09500700494,1,09:50:07,10:35:07,60,60,Ghim Moh Market & Food Centre,138678 Singapore
09501100495,1,09:50:11,10:35:11,60,60,Alexandra Village Food Centre,159938 Singapore
09501500496,1,09:50:15,10:35:15,60,60,Bukit Timah Market & Food Centre,667980 Singapore
09502500497,1,09:50:25,10:35:25,60,60,Bukit Timah Market & Food Centre,259281 Singapore
09502900498,1,09:50:29,10:35:29,60,60,Ghim Moh Market & Food Centre,118864 Singapore
09503100499,1,09:50:31,10:35:31,60,60,Alexandra Village Food Centre,150118 Singapore
09505700500,1,09:50:57,10:35:57,60,60,Ghim Moh Market & Food Centre,133028 Singapore
09510300501,1,09:51:03,10:36:03,60,60,Bukit Timah Market & Food Centre,678267 Singapore
09510800502,1,09:51:08,10:36:08,60,60,Bukit Timah Market & Food Centre,670180 Singapore
09512800503,1,09:51:28,10:36:28,60,60,Alexandra Village Food Centre,149739 Singapore
09513700504,1,09:51:37,10:36:37,60,60,Alexandra Village Food Centre,117468 Singapore
09514200505,1,09:51:42,10:36:42,60,60,Alexandra Village Food Centre,140022 Singapore
09520300506,1,09:52:03,10:37:03,60,60,Bukit Timah Market & Food Centre,651442 Singapore
09524800507,1,09:52:48,10:37:48,60,60,Bukit Timah Market & Food Centre,598721 Singapore
09525000508,1,09:52:50,10:37:50,60,60,Alexandra Village Food Centre,120414 Singapore
09525600509,1,09:52:56,10:37:56,60,60,Bukit Timah Market & Food Centre,669566 Singapore
09530500510,1,09:53:05,10:38:05,60,60,Bukit Timah Market & Food Centre,589484 Singapore
09531600511,1,09:53:16,10:38:16,60,60,Ghim Moh Market & Food Centre,597594 Singapore
09531800512,1,09:53:18,10:38:18,60,60,Bukit Timah Market & Food Centre,678274 Singapore
09532100513,1,09:53:21,10:38:21,60,60,Ghim Moh Market & Food Centre,287913 Singapore
09533000514,1,09:53:30,10:38:30,60,60,Bukit Timah Market & Food Centre,651461 Singapore
09533300515,1,09:53:33,10:38:33,60,60,Ghim Moh Market & Food Centre,270027 Singapore
09533800516,1,09:53:38,10:38:38,60,60,Bukit Timah Market & Food Centre,599160 Singapore
09534100517,1,09:53:41,10:38:41,60,60,Bukit Timah Market & Food Centre,276308 Singapore
09534200518,1,09:53:42,10:38:42,60,60,Ghim Moh Market & Food Centre,141095 Singapore
09534800519,1,09:53:48,10:38:48,60,60,Bukit Timah Market & Food Centre,657992 Singapore
09540900520,1,09:54:09,10:39:09,60,60,Alexandra Village Food Centre,271006 Singapore
09541300521,1,09:54:13,10:39:13,60,60,Alexandra Village Food Centre,150118 Singapore
09541900522,1,09:54:19,10:39:19,60,60,Alexandra Village Food Centre,138638 Singapore
09544000523,1,09:54:40,10:39:40,60,60,Alexandra Village Food Centre,270013 Singapore
09544100524,1,09:54:41,10:39:41,60,60,Alexandra Village Food Centre,275018 Singapore
09544300525,1,09:54:43,10:39:43,60,60,Bukit Timah Market & Food Centre,598752 Singapore
09545900526,1,09:54:59,10:39:59,60,60,Alexandra Village Food Centre,269015 Singapore
09551500527,1,09:55:15,10:40:15,60,60,Alexandra Village Food Centre,298916 Singapore
09551800528,1,09:55:18,10:40:18,60,60,Bukit Timah Market & Food Centre,267671 Singapore
09552500529,1,09:55:25,10:40:25,60,60,Bukit Timah Market & Food Centre,267954 Singapore
09555800530,1,09:55:58,10:40:58,60,60,Alexandra Village Food Centre,118166 Singapore
09561200531,1,09:56:12,10:41:12,60,60,Alexandra Village Food Centre,142091 Singapore
09562700532,1,09:56:27,10:41:27,60,60,Bukit Timah Market & Food Centre,678265 Singapore
09564000533,1,09:56:40,10:41:40,60,60,Bukit Timah Market & Food Centre,650267 Singapore
09570000534,1,09:57:00,10:42:00,60,60,Ghim Moh Market & Food Centre,271003 Singapore
09572000535,1,09:57:20,10:42:20,60,60,Ghim Moh Market & Food Centre,270033 Singapore
09572400536,1,09:57:24,10:42:24,60,60,Alexandra Village Food Centre,117490 Singapore
09572700537,1,09:57:27,10:42:27,60,60,Bukit Timah Market & Food Centre,679695 Singapore
09573300538,1,09:57:33,10:42:33,60,60,Ghim Moh Market & Food Centre,158744 Singapore
09574200539,1,09:57:42,10:42:42,60,60,Alexandra Village Food Centre,267671 Singapore
09574700540,1,09:57:47,10:42:47,60,60,Alexandra Village Food Centre,141094 Singapore
09575200541,1,09:57:52,10:42:52,60,60,Ghim Moh Market & Food Centre,599328 Singapore
09582700542,1,09:58:27,10:43:27,60,60,Ghim Moh Market & Food Centre,120116 Singapore
09583300543,1,09:58:33,10:43:33,60,60,Bukit Timah Market & Food Centre,653448 Singapore
09583500544,1,09:58:35,10:43:35,60,60,Ghim Moh Market & Food Centre,270028 Singapore
09583500545,1,09:58:35,10:43:35,60,60,Bukit Timah Market & Food Centre,670543 Singapore
09584500546,1,09:58:45,10:43:45,60,60,Bukit Timah Market & Food Centre,667973 Singapore
09584500547,1,09:58:45,10:43:45,60,60,Ghim Moh Market & Food Centre,272030 Singapore
09590300548,1,09:59:03,10:44:03,60,60,Bukit Timah Market & Food Centre,288383 Singapore
09590500549,1,09:59:05,10:44:05,60,60,Bukit Timah Market & Food Centre,271003 Singapore
09591100550,1,09:59:11,10:44:11,60,60,Alexandra Village Food Centre,275018 Singapore
09592400551,1,09:59:24,10:44:24,60,60,Bukit Timah Market & Food Centre,270028 Singapore
09595200552,1,09:59:52,10:44:52,60,60,Alexandra Village Food Centre,134028 Singapore
10000600553,1,10:00:06,10:45:06,60,60,Alexandra Village Food Centre,140064 Singapore
10002100554,1,10:00:21,10:45:21,60,60,Bukit Timah Market & Food Centre,288502 Singapore
10002100555,1,10:00:21,10:45:21,60,60,Alexandra Village Food Centre,267671 Singapore
10003200556,1,10:00:32,10:45:32,60,60,Bukit Timah Market & Food Centre,277007 Singapore
10003300557,1,10:00:33,10:45:33,60,60,Alexandra Village Food Centre,118892 Singapore
10005300558,1,10:00:53,10:45:53,60,60,Alexandra Village Food Centre,118892 Singapore
10005800559,1,10:00:58,10:45:58,60,60,Bukit Timah Market & Food Centre,271031 Singapore
10005900560,1,10:00:59,10:45:59,60,60,Bukit Timah Market & Food Centre,650182 Singapore
10011800561,1,10:01:18,10:46:18,60,60,Bukit Timah Market & Food Centre,267671 Singapore
10012300562,1,10:01:23,10:46:23,60,60,Bukit Timah Market & Food Centre,657978 Singapore
10014900563,1,10:01:49,10:46:49,60,60,Alexandra Village Food Centre,141095 Singapore
10015400564,1,10:01:54,10:46:54,60,60,Bukit Timah Market & Food Centre,659591 Singapore
10020400565,1,10:02:04,10:47:04,60,60,Bukit Timah Market & Food Centre,678949 Singapore
10021400566,1,10:02:14,10:47:14,60,60,Bukit Timah Market & Food Centre,653442 Singapore
10022500567,1,10:02:25,10:47:25,60,60,Alexandra Village Food Centre,141086 Singapore
10025500568,1,10:02:55,10:47:55,60,60,Alexandra Village Food Centre,150118 Singapore
10025500569,1,10:02:55,10:47:55,60,60,Alexandra Village Food Centre,150118 Singapore
10030400570,1,10:03:04,10:48:04,60,60,Ghim Moh Market & Food Centre,122312 Singapore
10032800571,1,10:03:28,10:48:28,60,60,Bukit Timah Market & Food Centre,670184 Singapore
10034600572,1,10:03:46,10:48:46,60,60,Ghim Moh Market & Food Centre,140049 Singapore
10041200573,1,10:04:12,10:49:12,60,60,Bukit Timah Market & Food Centre,598738 Singapore
10041600574,1,10:04:16,10:49:16,60,60,Alexandra Village Food Centre,149457 Singapore
10042700575,1,10:04:27,10:49:27,60,60,Alexandra Village Food Centre,131028 Singapore
10044000576,1,10:04:40,10:49:40,60,60,Bukit Timah Market & Food Centre,653442 Singapore
10045500577,1,10:04:55,10:49:55,60,60,Alexandra Village Food Centre,126816 Singapore
10045900578,1,10:04:59,10:49:59,60,60,Ghim Moh Market & Food Centre,269056 Singapore
10050600579,1,10:05:06,10:50:06,60,60,Bukit Timah Market & Food Centre,596195 Singapore
10052200580,1,10:05:22,10:50:22,60,60,Bukit Timah Market & Food Centre,286763 Singapore
10052200581,1,10:05:22,10:50:22,60,60,Alexandra Village Food Centre,158744 Singapore
10054100582,1,10:05:41,10:50:41,60,60,Alexandra Village Food Centre,120612 Singapore
10061700583,1,10:06:17,10:51:17,60,60,Ghim Moh Market & Food Centre,279364 Singapore
10071100584,1,10:07:11,10:52:11,60,60,Alexandra Village Food Centre,142094 Singapore
10072000585,1,10:07:20,10:52:20,60,60,Ghim Moh Market & Food Centre,587857 Singapore
10080600586,1,10:08:06,10:53:06,60,60,Ghim Moh Market & Food Centre,144061 Singapore
10081900587,1,10:08:19,10:53:19,60,60,Bukit Timah Market & Food Centre,673443 Singapore
10082400588,1,10:08:24,10:53:24,60,60,Alexandra Village Food Centre,149739 Singapore
10090500589,1,10:09:05,10:54:05,60,60,Bukit Timah Market & Food Centre,650421 Singapore
10090900590,1,10:09:09,10:54:09,60,60,Bukit Timah Market & Food Centre,598326 Singapore
10093100591,1,10:09:31,10:54:31,60,60,Bukit Timah Market & Food Centre,276306 Singapore
10094300592,1,10:09:43,10:54:43,60,60,Alexandra Village Food Centre,269728 Singapore
10094900593,1,10:09:49,10:54:49,60,60,Alexandra Village Food Centre,267955 Singapore
10100000594,1,10:10:00,10:55:00,60,60,Alexandra Village Food Centre,270040 Singapore
10101400595,1,10:10:14,10:55:14,60,60,Bukit Timah Market & Food Centre,259282 Singapore
10101900596,1,10:10:19,10:55:19,60,60,Alexandra Village Food Centre,117612 Singapore
10102300597,1,10:10:23,10:55:23,60,60,Bukit Timah Market & Food Centre,679518 Singapore
10102400598,1,10:10:24,10:55:24,60,60,Bukit Timah Market & Food Centre,598731 Singapore
10103800599,1,10:10:38,10:55:38,60,60,Bukit Timah Market & Food Centre,678087 Singapore
10110300600,1,10:11:03,10:56:03,60,60,Alexandra Village Food Centre,141086 Singapore
10110500601,1,10:11:05,10:56:05,60,60,Alexandra Village Food Centre,149739 Singapore
10113300602,1,10:11:33,10:56:33,60,60,Bukit Timah Market & Food Centre,266795 Singapore
10114400603,1,10:11:44,10:56:44,60,60,Ghim Moh Market & Food Centre,120424 Singapore
10114700604,1,10:11:47,10:56:47,60,60,Alexandra Village Food Centre,277116 Singapore
10114900605,1,10:11:49,10:56:49,60,60,Ghim Moh Market & Food Centre,260006 Singapore
10115800606,1,10:11:58,10:56:58,60,60,Ghim Moh Market & Food Centre,288726 Singapore
10120800607,1,10:12:08,10:57:08,60,60,Bukit Timah Market & Food Centre,669608 Singapore
10123100608,1,10:12:31,10:57:31,60,60,Alexandra Village Food Centre,117468 Singapore
10123300609,1,10:12:33,10:57:33,60,60,Alexandra Village Food Centre,140152 Singapore
10124000610,1,10:12:40,10:57:40,60,60,Ghim Moh Market & Food Centre,597159 Singapore
10124500611,1,10:12:45,10:57:45,60,60,Alexandra Village Food Centre,276750 Singapore
10125200612,1,10:12:52,10:57:52,60,60,Ghim Moh Market & Food Centre,597626 Singapore
10125500613,1,10:12:55,10:57:55,60,60,Alexandra Village Food Centre,277107 Singapore
10125600614,1,10:12:56,10:57:56,60,60,Bukit Timah Market & Food Centre,589484 Singapore
10125800615,1,10:12:58,10:57:58,60,60,Ghim Moh Market & Food Centre,268820 Singapore
10131600616,1,10:13:16,10:58:16,60,60,Bukit Timah Market & Food Centre,288353 Singapore
10131800617,1,10:13:18,10:58:18,60,60,Bukit Timah Market & Food Centre,678274 Singapore
10131900618,1,10:13:19,10:58:19,60,60,Bukit Timah Market & Food Centre,673443 Singapore
10132900619,1,10:13:29,10:58:29,60,60,Bukit Timah Market & Food Centre,650440 Singapore
10133300620,1,10:13:33,10:58:33,60,60,Bukit Timah Market & Food Centre,269744 Singapore
10135300621,1,10:13:53,10:58:53,60,60,Bukit Timah Market & Food Centre,267955 Singapore
10140100622,1,10:14:01,10:59:01,60,60,Alexandra Village Food Centre,129960 Singapore
10140800623,1,10:14:08,10:59:08,60,60,Ghim Moh Market & Food Centre,267534 Singapore
10141100624,1,10:14:11,10:59:11,60,60,Alexandra Village Food Centre,119138 Singapore
10141200625,1,10:14:12,10:59:12,60,60,Alexandra Village Food Centre,267612 Singapore
10142400626,1,10:14:24,10:59:24,60,60,Ghim Moh Market & Food Centre,597149 Singapore
10142700627,1,10:14:27,10:59:27,60,60,Bukit Timah Market & Food Centre,670218 Singapore
10143800628,1,10:14:38,10:59:38,60,60,Ghim Moh Market & Food Centre,288408 Singapore
10150600629,1,10:15:06,11:00:06,60,60,Alexandra Village Food Centre,140023 Singapore
10153000630,1,10:15:30,11:00:30,60,60,Bukit Timah Market & Food Centre,659801 Singapore
10153000631,1,10:15:30,11:00:30,60,60,Alexandra Village Food Centre,142090 Singapore
10155200632,1,10:15:52,11:00:52,60,60,Bukit Timah Market & Food Centre,277051 Singapore
10160800633,1,10:16:08,11:01:08,60,60,Ghim Moh Market & Food Centre,140169 Singapore
10164100634,1,10:16:41,11:01:41,60,60,Bukit Timah Market & Food Centre,267671 Singapore
10172300635,1,10:17:23,11:02:23,60,60,Bukit Timah Market & Food Centre,651443 Singapore
10175100636,1,10:17:51,11:02:51,60,60,Ghim Moh Market & Food Centre,269015 Singapore
10180500637,1,10:18:05,11:03:05,60,60,Bukit Timah Market & Food Centre,653442 Singapore
10181700638,1,10:18:17,11:03:17,60,60,Alexandra Village Food Centre,141090 Singapore
10182700639,1,10:18:27,11:03:27,60,60,Bukit Timah Market & Food Centre,652292 Singapore
10184500640,1,10:18:45,11:03:45,60,60,Bukit Timah Market & Food Centre,289126 Singapore
10185900641,1,10:18:59,11:03:59,60,60,Alexandra Village Food Centre,159028 Singapore
10191300642,1,10:19:13,11:04:13,60,60,Alexandra Village Food Centre,138507 Singapore
10192400643,1,10:19:24,11:04:24,60,60,Bukit Timah Market & Food Centre,667981 Singapore
10194100644,1,10:19:41,11:04:41,60,60,Alexandra Village Food Centre,142091 Singapore
10201200645,1,10:20:12,11:05:12,60,60,Bukit Timah Market & Food Centre,266744 Singapore
10201400646,1,10:20:14,11:05:14,60,60,Ghim Moh Market & Food Centre,278535 Singapore
10201600647,1,10:20:16,11:05:16,60,60,Alexandra Village Food Centre,117468 Singapore
10202600648,1,10:20:26,11:05:26,60,60,Bukit Timah Market & Food Centre,277051 Singapore
10202800649,1,10:20:28,11:05:28,60,60,Alexandra Village Food Centre,286655 Singapore
10204500650,1,10:20:45,11:05:45,60,60,Bukit Timah Market & Food Centre,679672 Singapore
10211000651,1,10:21:10,11:06:10,60,60,Bukit Timah Market & Food Centre,270027 Singapore
10211300652,1,10:21:13,11:06:13,60,60,Alexandra Village Food Centre,149740 Singapore
10213500653,1,10:21:35,11:06:35,60,60,Ghim Moh Market & Food Centre,138686 Singapore
10215600654,1,10:21:56,11:06:56,60,60,Alexandra Village Food Centre,138678 Singapore
10220200655,1,10:22:02,11:07:02,60,60,Alexandra Village Food Centre,266228 Singapore
10220800656,1,10:22:08,11:07:08,60,60,Bukit Timah Market & Food Centre,669614 Singapore
10221800657,1,10:22:18,11:07:18,60,60,Ghim Moh Market & Food Centre,267671 Singapore
10222300658,1,10:22:23,11:07:23,60,60,Alexandra Village Food Centre,119962 Singapore
10222600659,1,10:22:26,11:07:26,60,60,Ghim Moh Market & Food Centre,120514 Singapore
10222800660,1,10:22:28,11:07:28,60,60,Bukit Timah Market & Food Centre,670239 Singapore
10231700661,1,10:23:17,11:08:17,60,60,Ghim Moh Market & Food Centre,597626 Singapore
10231800662,1,10:23:18,11:08:18,60,60,Bukit Timah Market & Food Centre,667980 Singapore
10235100663,1,10:23:51,11:08:51,60,60,Alexandra Village Food Centre,159545 Singapore
10241400664,1,10:24:14,11:09:14,60,60,Ghim Moh Market & Food Centre,277051 Singapore
10241900665,1,10:24:19,11:09:19,60,60,Bukit Timah Market & Food Centre,678274 Singapore
10242100666,1,10:24:21,11:09:21,60,60,Ghim Moh Market & Food Centre,120351 Singapore
10243400667,1,10:24:34,11:09:34,60,60,Bukit Timah Market & Food Centre,267341 Singapore
10251400668,1,10:25:14,11:10:14,60,60,Alexandra Village Food Centre,138678 Singapore
10251800669,1,10:25:18,11:10:18,60,60,Bukit Timah Market & Food Centre,678087 Singapore
10253300670,1,10:25:33,11:10:33,60,60,Bukit Timah Market & Food Centre,266744 Singapore
10253400671,1,10:25:34,11:10:34,60,60,Alexandra Village Food Centre,266247 Singapore
10254300672,1,10:25:43,11:10:43,60,60,Alexandra Village Food Centre,288431 Singapore
10255200673,1,10:25:52,11:10:52,60,60,Bukit Timah Market & Food Centre,272030 Singapore
10255600674,1,10:25:56,11:10:56,60,60,Ghim Moh Market & Food Centre,122445 Singapore
10255700675,1,10:25:57,11:10:57,60,60,Alexandra Village Food Centre,150118 Singapore
10262800676,1,10:26:28,11:11:28,60,60,Alexandra Village Food Centre,140021 Singapore
10263700677,1,10:26:37,11:11:37,60,60,Alexandra Village Food Centre,117756 Singapore
10263800678,1,10:26:38,11:11:38,60,60,Bukit Timah Market & Food Centre,260008 Singapore
10264800679,1,10:26:48,11:11:48,60,60,Ghim Moh Market & Food Centre,267088 Singapore
10270000680,1,10:27:00,11:12:00,60,60,Alexandra Village Food Centre,138638 Singapore
10270300681,1,10:27:03,11:12:03,60,60,Ghim Moh Market & Food Centre,271032 Singapore
10271000682,1,10:27:10,11:12:10,60,60,Bukit Timah Market & Food Centre,598728 Singapore
10272100683,1,10:27:21,11:12:21,60,60,Alexandra Village Food Centre,287393 Singapore
10274100684,1,10:27:41,11:12:41,60,60,Alexandra Village Food Centre,119375 Singapore
10280800685,1,10:28:08,11:13:08,60,60,Alexandra Village Food Centre,119791 Singapore
10281000686,1,10:28:10,11:13:10,60,60,Alexandra Village Food Centre,128046 Singapore
10281600687,1,10:28:16,11:13:16,60,60,Ghim Moh Market & Food Centre,289902 Singapore
10282000688,1,10:28:20,11:13:20,60,60,Ghim Moh Market & Food Centre,140021 Singapore
10282200689,1,10:28:22,11:13:22,60,60,Alexandra Village Food Centre,267237 Singapore
10282300690,1,10:28:23,11:13:23,60,60,Ghim Moh Market & Food Centre,597138 Singapore
10282500691,1,10:28:25,11:13:25,60,60,Bukit Timah Market & Food Centre,598738 Singapore
10283700692,1,10:28:37,11:13:37,60,60,Alexandra Village Food Centre,117468 Singapore
10285600693,1,10:28:56,11:13:56,60,60,Ghim Moh Market & Food Centre,118860 Singapore
10285800694,1,10:28:58,11:13:58,60,60,Bukit Timah Market & Food Centre,588151 Singapore
10290900695,1,10:29:09,11:14:09,60,60,Bukit Timah Market & Food Centre,597590 Singapore
10291300696,1,10:29:13,11:14:13,60,60,Bukit Timah Market & Food Centre,651293 Singapore
10291600697,1,10:29:16,11:14:16,60,60,Bukit Timah Market & Food Centre,267671 Singapore
10291700698,1,10:29:17,11:14:17,60,60,Alexandra Village Food Centre,138565 Singapore
10292300699,1,10:29:23,11:14:23,60,60,Bukit Timah Market & Food Centre,670275 Singapore
10294000700,1,10:29:40,11:14:40,60,60,Bukit Timah Market & Food Centre,271013 Singapore
10295900701,1,10:29:59,11:14:59,60,60,Bukit Timah Market & Food Centre,596742 Singapore
10300000702,1,10:30:00,11:15:00,60,60,Ghim Moh Market & Food Centre,150118 Singapore
10300200703,1,10:30:02,11:15:02,60,60,Bukit Timah Market & Food Centre,276308 Singapore
10303300704,1,10:30:33,11:15:33,60,60,Bukit Timah Market & Food Centre,597090 Singapore
10303800705,1,10:30:38,11:15:38,60,60,Alexandra Village Food Centre,128044 Singapore
10303900706,1,10:30:39,11:15:39,60,60,Alexandra Village Food Centre,141079 Singapore
10304100707,1,10:30:41,11:15:41,60,60,Ghim Moh Market & Food Centre,129961 Singapore
10305200708,1,10:30:52,11:15:52,60,60,Bukit Timah Market & Food Centre,286763 Singapore
10305200709,1,10:30:52,11:15:52,60,60,Alexandra Village Food Centre,268844 Singapore
10305700710,1,10:30:57,11:15:57,60,60,Alexandra Village Food Centre,271032 Singapore
10310800711,1,10:31:08,11:16:08,60,60,Bukit Timah Market & Food Centre,651446 Singapore
10311300712,1,10:31:13,11:16:13,60,60,Ghim Moh Market & Food Centre,143083 Singapore
10315600713,1,10:31:56,11:16:56,60,60,Ghim Moh Market & Food Centre,276308 Singapore
10320800714,1,10:32:08,11:17:08,60,60,Bukit Timah Market & Food Centre,670216 Singapore
10322600715,1,10:32:26,11:17:26,60,60,Bukit Timah Market & Food Centre,669566 Singapore
10323200716,1,10:32:32,11:17:32,60,60,Alexandra Village Food Centre,120414 Singapore
10323400717,1,10:32:34,11:17:34,60,60,Ghim Moh Market & Food Centre,127719 Singapore
10324600718,1,10:32:46,11:17:46,60,60,Bukit Timah Market & Food Centre,650229 Singapore
10330400719,1,10:33:04,11:18:04,60,60,Alexandra Village Food Centre,269632 Singapore
10332100720,1,10:33:21,11:18:21,60,60,Alexandra Village Food Centre,288431 Singapore
10333700721,1,10:33:37,11:18:37,60,60,Bukit Timah Market & Food Centre,277810 Singapore
10334200722,1,10:33:42,11:18:42,60,60,Alexandra Village Food Centre,275018 Singapore
10335800723,1,10:33:58,11:18:58,60,60,Alexandra Village Food Centre,117840 Singapore
10343400724,1,10:34:34,11:19:34,60,60,Alexandra Village Food Centre,119791 Singapore
10344200725,1,10:34:42,11:19:42,60,60,Alexandra Village Food Centre,138638 Singapore
10344500726,1,10:34:45,11:19:45,60,60,Alexandra Village Food Centre,266224 Singapore
10345400727,1,10:34:54,11:19:54,60,60,Bukit Timah Market & Food Centre,679695 Singapore
10345600728,1,10:34:56,11:19:56,60,60,Alexandra Village Food Centre,266228 Singapore
10350400729,1,10:35:04,11:20:04,60,60,Bukit Timah Market & Food Centre,288974 Singapore
10350800730,1,10:35:08,11:20:08,60,60,Bukit Timah Market & Food Centre,270013 Singapore
10350900731,1,10:35:09,11:20:09,60,60,Ghim Moh Market & Food Centre,589660 Singapore
10352500732,1,10:35:25,11:20:25,60,60,Alexandra Village Food Centre,141087 Singapore
10354900733,1,10:35:49,11:20:49,60,60,Ghim Moh Market & Food Centre,269015 Singapore
10360100734,1,10:36:01,11:21:01,60,60,Alexandra Village Food Centre,275871 Singapore
10361200735,1,10:36:12,11:21:12,60,60,Alexandra Village Food Centre,117468 Singapore
10361200736,1,10:36:12,11:21:12,60,60,Alexandra Village Food Centre,140037 Singapore
10362400737,1,10:36:24,11:21:24,60,60,Alexandra Village Food Centre,271030 Singapore
10370300738,1,10:37:03,11:22:03,60,60,Bukit Timah Market & Food Centre,669605 Singapore
10372500739,1,10:37:25,11:22:25,60,60,Ghim Moh Market & Food Centre,140037 Singapore
10372600740,1,10:37:26,11:22:26,60,60,Bukit Timah Market & Food Centre,266184 Singapore
10373100741,1,10:37:31,11:22:31,60,60,Bukit Timah Market & Food Centre,653448 Singapore
10373200742,1,10:37:32,11:22:32,60,60,Alexandra Village Food Centre,119098 Singapore
10374400743,1,10:37:44,11:22:44,60,60,Ghim Moh Market & Food Centre,592001 Singapore
10374800744,1,10:37:48,11:22:48,60,60,Ghim Moh Market & Food Centre,141096 Singapore
10375600745,1,10:37:56,11:22:56,60,60,Bukit Timah Market & Food Centre,669613 Singapore
10380900746,1,10:38:09,11:23:09,60,60,Ghim Moh Market & Food Centre,142057 Singapore
10381100747,1,10:38:11,11:23:11,60,60,Alexandra Village Food Centre,138687 Singapore
10381600748,1,10:38:16,11:23:16,60,60,Bukit Timah Market & Food Centre,589624 Singapore
10382600749,1,10:38:26,11:23:26,60,60,Ghim Moh Market & Food Centre,149740 Singapore
10383500750,1,10:38:35,11:23:35,60,60,Alexandra Village Food Centre,299334 Singapore
10384000751,1,10:38:40,11:23:40,60,60,Bukit Timah Market & Food Centre,669612 Singapore
10384500752,1,10:38:45,11:23:45,60,60,Ghim Moh Market & Food Centre,589655 Singapore
10385000753,1,10:38:50,11:23:50,60,60,Bukit Timah Market & Food Centre,650267 Singapore
10390900754,1,10:39:09,11:24:09,60,60,Alexandra Village Food Centre,138638 Singapore
10391300755,1,10:39:13,11:24:13,60,60,Alexandra Village Food Centre,120413 Singapore
10392000756,1,10:39:20,11:24:20,60,60,Ghim Moh Market & Food Centre,120304 Singapore
10392100757,1,10:39:21,11:24:21,60,60,Alexandra Village Food Centre,149739 Singapore
10393700758,1,10:39:37,11:24:37,60,60,Bukit Timah Market & Food Centre,651461 Singapore
10394000759,1,10:39:40,11:24:40,60,60,Bukit Timah Market & Food Centre,650621 Singapore
10395100760,1,10:39:51,11:24:51,60,60,Alexandra Village Food Centre,140023 Singapore
10395400761,1,10:39:54,11:24:54,60,60,Ghim Moh Market & Food Centre,266977 Singapore
10395800762,1,10:39:58,11:24:58,60,60,Alexandra Village Food Centre,260004 Singapore
10401400763,1,10:40:14,11:25:14,60,60,Alexandra Village Food Centre,138638 Singapore
10402100764,1,10:40:21,11:25:21,60,60,Ghim Moh Market & Food Centre,277575 Singapore
10402500765,1,10:40:25,11:25:25,60,60,Alexandra Village Food Centre,159019 Singapore
10405800766,1,10:40:58,11:25:58,60,60,Ghim Moh Market & Food Centre,128973 Singapore
10405900767,1,10:40:59,11:25:59,60,60,Bukit Timah Market & Food Centre,652292 Singapore
10410000768,1,10:41:00,11:26:00,60,60,Alexandra Village Food Centre,288431 Singapore
10410400769,1,10:41:04,11:26:04,60,60,Ghim Moh Market & Food Centre,120365 Singapore
10414400770,1,10:41:44,11:26:44,60,60,Alexandra Village Food Centre,140020 Singapore
10414700771,1,10:41:47,11:26:47,60,60,Alexandra Village Food Centre,140064 Singapore
10422200772,1,10:42:22,11:27:22,60,60,Alexandra Village Food Centre,118893 Singapore
10422200773,1,10:42:22,11:27:22,60,60,Alexandra Village Food Centre,159053 Singapore
10423000774,1,10:42:30,11:27:30,60,60,Ghim Moh Market & Food Centre,144091 Singapore
10423400775,1,10:42:34,11:27:34,60,60,Alexandra Village Food Centre,272018 Singapore
10423400776,1,10:42:34,11:27:34,60,60,Alexandra Village Food Centre,140160 Singapore
10424100777,1,10:42:41,11:27:41,60,60,Bukit Timah Market & Food Centre,654461 Singapore
10425700778,1,10:42:57,11:27:57,60,60,Bukit Timah Market & Food Centre,271020 Singapore
10430300779,1,10:43:03,11:28:03,60,60,Bukit Timah Market & Food Centre,596743 Singapore
10431900780,1,10:43:19,11:28:19,60,60,Bukit Timah Market & Food Centre,272018 Singapore
10431900781,1,10:43:19,11:28:19,60,60,Ghim Moh Market & Food Centre,589485 Singapore
10431900782,1,10:43:19,11:28:19,60,60,Bukit Timah Market & Food Centre,669012 Singapore
10432600783,1,10:43:26,11:28:26,60,60,Ghim Moh Market & Food Centre,260006 Singapore
10433200784,1,10:43:32,11:28:32,60,60,Alexandra Village Food Centre,126839 Singapore
10434100785,1,10:43:41,11:28:41,60,60,Ghim Moh Market & Food Centre,287995 Singapore
10435300786,1,10:43:53,11:28:53,60,60,Ghim Moh Market & Food Centre,120350 Singapore
10442400787,1,10:44:24,11:29:24,60,60,Alexandra Village Food Centre,140062 Singapore
10455200788,1,10:45:52,11:30:52,60,60,Alexandra Village Food Centre,287390 Singapore
10460000789,1,10:46:00,11:31:00,60,60,Bukit Timah Market & Food Centre,670184 Singapore
10460400790,1,10:46:04,11:31:04,60,60,Bukit Timah Market & Food Centre,670184 Singapore
10462000791,1,10:46:20,11:31:20,60,60,Alexandra Village Food Centre,138684 Singapore
10463300792,1,10:46:33,11:31:33,60,60,Ghim Moh Market & Food Centre,271006 Singapore
10463800793,1,10:46:38,11:31:38,60,60,Ghim Moh Market & Food Centre,269707 Singapore
10471900794,1,10:47:19,11:32:19,60,60,Bukit Timah Market & Food Centre,267671 Singapore
10473200795,1,10:47:32,11:32:32,60,60,Bukit Timah Market & Food Centre,650421 Singapore
10474900796,1,10:47:49,11:32:49,60,60,Bukit Timah Market & Food Centre,670408 Singapore
10475900797,1,10:47:59,11:32:59,60,60,Ghim Moh Market & Food Centre,120730 Singapore
10480300798,1,10:48:03,11:33:03,60,60,Bukit Timah Market & Food Centre,272009 Singapore
10480300799,1,10:48:03,11:33:03,60,60,Bukit Timah Market & Food Centre,258853 Singapore
10482700800,1,10:48:27,11:33:27,60,60,Bukit Timah Market & Food Centre,597628 Singapore
10483400801,1,10:48:34,11:33:34,60,60,Alexandra Village Food Centre,270001 Singapore
10484900802,1,10:48:49,11:33:49,60,60,Ghim Moh Market & Food Centre,128046 Singapore
10490300803,1,10:49:03,11:34:03,60,60,Alexandra Village Food Centre,150118 Singapore
10490700804,1,10:49:07,11:34:07,60,60,Ghim Moh Market & Food Centre,138601 Singapore
10492600805,1,10:49:26,11:34:26,60,60,Alexandra Village Food Centre,159962 Singapore
10493000806,1,10:49:30,11:34:30,60,60,Bukit Timah Market & Food Centre,653296 Singapore
10493000807,1,10:49:30,11:34:30,60,60,Alexandra Village Food Centre,118699 Singapore
10494700808,1,10:49:47,11:34:47,60,60,Alexandra Village Food Centre,130013 Singapore
10501300809,1,10:50:13,11:35:13,60,60,Bukit Timah Market & Food Centre,667981 Singapore
10502000810,1,10:50:20,11:35:20,60,60,Bukit Timah Market & Food Centre,673443 Singapore
10504200811,1,10:50:42,11:35:42,60,60,Alexandra Village Food Centre,120425 Singapore
10504900812,1,10:50:49,11:35:49,60,60,Bukit Timah Market & Food Centre,266782 Singapore
10511100813,1,10:51:11,11:36:11,60,60,Bukit Timah Market & Food Centre,651437 Singapore
10511600814,1,10:51:16,11:36:16,60,60,Bukit Timah Market & Food Centre,271021 Singapore
10511600815,1,10:51:16,11:36:16,60,60,Bukit Timah Market & Food Centre,276402 Singapore
10512200816,1,10:51:22,11:36:22,60,60,Bukit Timah Market & Food Centre,277051 Singapore
10514600817,1,10:51:46,11:36:46,60,60,Bukit Timah Market & Food Centre,670107 Singapore
10514700818,1,10:51:47,11:36:47,60,60,Bukit Timah Market & Food Centre,259281 Singapore
10521600819,1,10:52:16,11:37:16,60,60,Alexandra Village Food Centre,277107 Singapore
10521900820,1,10:52:19,11:37:19,60,60,Ghim Moh Market & Food Centre,119954 Singapore
10522900821,1,10:52:29,11:37:29,60,60,Ghim Moh Market & Food Centre,149456 Singapore
10523100822,1,10:52:31,11:37:31,60,60,Alexandra Village Food Centre,129960 Singapore
10524700823,1,10:52:47,11:37:47,60,60,Bukit Timah Market & Food Centre,670184 Singapore
10530000824,1,10:53:00,11:38:00,60,60,Bukit Timah Market & Food Centre,267181 Singapore
10531400825,1,10:53:14,11:38:14,60,60,Alexandra Village Food Centre,120413 Singapore
10532200826,1,10:53:22,11:38:22,60,60,Alexandra Village Food Centre,268167 Singapore
10532400827,1,10:53:24,11:38:24,60,60,Alexandra Village Food Centre,138687 Singapore
10533000828,1,10:53:30,11:38:30,60,60,Alexandra Village Food Centre,140065 Singapore
10534400829,1,10:53:44,11:38:44,60,60,Bukit Timah Market & Food Centre,650272 Singapore
10534600830,1,10:53:46,11:38:46,60,60,Bukit Timah Market & Food Centre,678087 Singapore
10535300831,1,10:53:53,11:38:53,60,60,Bukit Timah Market & Food Centre,650406 Singapore
10535600832,1,10:53:56,11:38:56,60,60,Bukit Timah Market & Food Centre,271013 Singapore
10535900833,1,10:53:59,11:38:59,60,60,Alexandra Village Food Centre,270004 Singapore
10540100834,1,10:54:01,11:39:01,60,60,Bukit Timah Market & Food Centre,288435 Singapore
10540300835,1,10:54:03,11:39:03,60,60,Alexandra Village Food Centre,138638 Singapore
10540300836,1,10:54:03,11:39:03,60,60,Bukit Timah Market & Food Centre,679695 Singapore
10541600837,1,10:54:16,11:39:16,60,60,Bukit Timah Market & Food Centre,597626 Singapore
10542900838,1,10:54:29,11:39:29,60,60,Bukit Timah Market & Food Centre,267671 Singapore
10543100839,1,10:54:31,11:39:31,60,60,Alexandra Village Food Centre,120606 Singapore
10543200840,1,10:54:32,11:39:32,60,60,Bukit Timah Market & Food Centre,653293 Singapore
10544700841,1,10:54:47,11:39:47,60,60,Alexandra Village Food Centre,141086 Singapore
10545400842,1,10:54:54,11:39:54,60,60,Bukit Timah Market & Food Centre,670184 Singapore
10545600843,1,10:54:56,11:39:56,60,60,Bukit Timah Market & Food Centre,270013 Singapore
10551600844,1,10:55:16,11:40:16,60,60,Bukit Timah Market & Food Centre,668328 Singapore
10552600845,1,10:55:26,11:40:26,60,60,Alexandra Village Food Centre,275018 Singapore
10553500846,1,10:55:35,11:40:35,60,60,Bukit Timah Market & Food Centre,266242 Singapore
10555400847,1,10:55:54,11:40:54,60,60,Alexandra Village Food Centre,118136 Singapore
10561500848,1,10:56:15,11:41:15,60,60,Ghim Moh Market & Food Centre,271032 Singapore
10564100849,1,10:56:41,11:41:41,60,60,Alexandra Village Food Centre,267829 Singapore
10565700850,1,10:56:57,11:41:57,60,60,Ghim Moh Market & Food Centre,140171 Singapore
10565800851,1,10:56:58,11:41:58,60,60,Ghim Moh Market & Food Centre,138702 Singapore
10571500852,1,10:57:15,11:42:15,60,60,Bukit Timah Market & Food Centre,596229 Singapore
10572600853,1,10:57:26,11:42:26,60,60,Alexandra Village Food Centre,150118 Singapore
10574900854,1,10:57:49,11:42:49,60,60,Ghim Moh Market & Food Centre,268535 Singapore
10575900855,1,10:57:59,11:42:59,60,60,Bukit Timah Market & Food Centre,653448 Singapore
10580000856,1,10:58:00,11:43:00,60,60,Alexandra Village Food Centre,267829 Singapore
10581200857,1,10:58:12,11:43:12,60,60,Bukit Timah Market & Food Centre,678273 Singapore
10583200858,1,10:58:32,11:43:32,60,60,Ghim Moh Market & Food Centre,121311 Singapore
10584900859,1,10:58:49,11:43:49,60,60,Alexandra Village Food Centre,287390 Singapore
10590000860,1,10:59:00,11:44:00,60,60,Alexandra Village Food Centre,134028 Singapore
10590000861,1,10:59:00,11:44:00,60,60,Bukit Timah Market & Food Centre,651293 Singapore
10592100862,1,10:59:21,11:44:21,60,60,Bukit Timah Market & Food Centre,651293 Singapore
10592300863,1,10:59:23,11:44:23,60,60,Alexandra Village Food Centre,289900 Singapore
10592700864,1,10:59:27,11:44:27,60,60,Alexandra Village Food Centre,269707 Singapore
10592700865,1,10:59:27,11:44:27,60,60,Bukit Timah Market & Food Centre,596229 Singapore
10592800866,1,10:59:28,11:44:28,60,60,Bukit Timah Market & Food Centre,679695 Singapore
10594100867,1,10:59:41,11:44:41,60,60,Ghim Moh Market & Food Centre,277422 Singapore
10594200868,1,10:59:42,11:44:42,60,60,Bukit Timah Market & Food Centre,271031 Singapore
11005200869,1,11:00:52,11:45:52,60,60,Bukit Timah Market & Food Centre,598753 Singapore
11011000870,1,11:01:10,11:46:10,60,60,Bukit Timah Market & Food Centre,287534 Singapore
11011900871,1,11:01:19,11:46:19,60,60,Bukit Timah Market & Food Centre,268408 Singapore
11013400872,1,11:01:34,11:46:34,60,60,Alexandra Village Food Centre,269612 Singapore
11015600873,1,11:01:56,11:46:56,60,60,Bukit Timah Market & Food Centre,279225 Singapore
11020600874,1,11:02:06,11:47:06,60,60,Alexandra Village Food Centre,118136 Singapore
11021400875,1,11:02:14,11:47:14,60,60,Bukit Timah Market & Food Centre,658005 Singapore
11025500876,1,11:02:55,11:47:55,60,60,Bukit Timah Market & Food Centre,279304 Singapore
11025500877,1,11:02:55,11:47:55,60,60,Ghim Moh Market & Food Centre,587916 Singapore
11030900878,1,11:03:09,11:48:09,60,60,Ghim Moh Market & Food Centre,120416 Singapore
11030900879,1,11:03:09,11:48:09,60,60,Ghim Moh Market & Food Centre,130012 Singapore
11032300880,1,11:03:23,11:48:23,60,60,Ghim Moh Market & Food Centre,272003 Singapore
11033300881,1,11:03:33,11:48:33,60,60,Alexandra Village Food Centre,120612 Singapore
11033600882,1,11:03:36,11:48:36,60,60,Bukit Timah Market & Food Centre,596195 Singapore
11041300883,1,11:04:13,11:49:13,60,60,Ghim Moh Market & Food Centre,266882 Singapore
11041900884,1,11:04:19,11:49:19,60,60,Bukit Timah Market & Food Centre,670148 Singapore
11042400885,1,11:04:24,11:49:24,60,60,Alexandra Village Food Centre,120365 Singapore
11043000886,1,11:04:30,11:49:30,60,60,Bukit Timah Market & Food Centre,587845 Singapore
11044200887,1,11:04:42,11:49:42,60,60,Alexandra Village Food Centre,149739 Singapore
11045100888,1,11:04:51,11:49:51,60,60,Bukit Timah Market & Food Centre,650190 Singapore
11045200889,1,11:04:52,11:49:52,60,60,Alexandra Village Food Centre,119375 Singapore
11050100890,1,11:05:01,11:50:01,60,60,Bukit Timah Market & Food Centre,287332 Singapore
11051200891,1,11:05:12,11:50:12,60,60,Bukit Timah Market & Food Centre,650410 Singapore
11051400892,1,11:05:14,11:50:14,60,60,Alexandra Village Food Centre,267671 Singapore
11052400893,1,11:05:24,11:50:24,60,60,Ghim Moh Market & Food Centre,278104 Singapore
11053100894,1,11:05:31,11:50:31,60,60,Alexandra Village Food Centre,141089 Singapore
11053700895,1,11:05:37,11:50:37,60,60,Bukit Timah Market & Food Centre,653443 Singapore
11053800896,1,11:05:38,11:50:38,60,60,Ghim Moh Market & Food Centre,126840 Singapore
11055300897,1,11:05:53,11:50:53,60,60,Bukit Timah Market & Food Centre,593001 Singapore
11055400898,1,11:05:54,11:50:54,60,60,Bukit Timah Market & Food Centre,659636 Singapore
11055400899,1,11:05:54,11:50:54,60,60,Bukit Timah Market & Food Centre,276305 Singapore
11055700900,1,11:05:57,11:50:57,60,60,Bukit Timah Market & Food Centre,587849 Singapore
11060100901,1,11:06:01,11:51:01,60,60,Bukit Timah Market & Food Centre,659445 Singapore
11063600902,1,11:06:36,11:51:36,60,60,Bukit Timah Market & Food Centre,589631 Singapore
11064900903,1,11:06:49,11:51:49,60,60,Ghim Moh Market & Food Centre,589652 Singapore
11065000904,1,11:06:50,11:51:50,60,60,Bukit Timah Market & Food Centre,669012 Singapore
11070500905,1,11:07:05,11:52:05,60,60,Ghim Moh Market & Food Centre,159025 Singapore
11072300906,1,11:07:23,11:52:23,60,60,Bukit Timah Market & Food Centre,670170 Singapore
11072900907,1,11:07:29,11:52:29,60,60,Bukit Timah Market & Food Centre,279883 Singapore
11072900908,1,11:07:29,11:52:29,60,60,Bukit Timah Market & Food Centre,289851 Singapore
11073000909,1,11:07:30,11:52:30,60,60,Bukit Timah Market & Food Centre,653296 Singapore
11073200910,1,11:07:32,11:52:32,60,60,Ghim Moh Market & Food Centre,260006 Singapore
11073500911,1,11:07:35,11:52:35,60,60,Alexandra Village Food Centre,150116 Singapore
11074000912,1,11:07:40,11:52:40,60,60,Alexandra Village Food Centre,272018 Singapore
11080700913,1,11:08:07,11:53:07,60,60,Bukit Timah Market & Food Centre,669590 Singapore
11080800914,1,11:08:08,11:53:08,60,60,Ghim Moh Market & Food Centre,278731 Singapore
11081800915,1,11:08:18,11:53:18,60,60,Bukit Timah Market & Food Centre,670605 Singapore
11081900916,1,11:08:19,11:53:19,60,60,Bukit Timah Market & Food Centre,669012 Singapore
11082300917,1,11:08:23,11:53:23,60,60,Alexandra Village Food Centre,150118 Singapore
11083300918,1,11:08:33,11:53:33,60,60,Ghim Moh Market & Food Centre,269056 Singapore
11084600919,1,11:08:46,11:53:46,60,60,Bukit Timah Market & Food Centre,596266 Singapore
11085100920,1,11:08:51,11:53:51,60,60,Bukit Timah Market & Food Centre,652296 Singapore
11085700921,1,11:08:57,11:53:57,60,60,Alexandra Village Food Centre,138638 Singapore
11085800922,1,11:08:58,11:53:58,60,60,Bukit Timah Market & Food Centre,670275 Singapore
11090900923,1,11:09:09,11:54:09,60,60,Ghim Moh Market & Food Centre,271004 Singapore
11091900924,1,11:09:19,11:54:19,60,60,Bukit Timah Market & Food Centre,650223 Singapore
11094500925,1,11:09:45,11:54:45,60,60,Alexandra Village Food Centre,118136 Singapore
11100900926,1,11:10:09,11:55:09,60,60,Alexandra Village Food Centre,138614 Singapore
11101600927,1,11:10:16,11:55:16,60,60,Alexandra Village Food Centre,149740 Singapore
11101800928,1,11:10:18,11:55:18,60,60,Alexandra Village Food Centre,141007 Singapore
11102800929,1,11:10:28,11:55:28,60,60,Ghim Moh Market & Food Centre,140100 Singapore
11103100930,1,11:10:31,11:55:31,60,60,Bukit Timah Market & Food Centre,266247 Singapore
11104400931,1,11:10:44,11:55:44,60,60,Alexandra Village Food Centre,278698 Singapore
11104500932,1,11:10:45,11:55:45,60,60,Ghim Moh Market & Food Centre,276308 Singapore
11110900933,1,11:11:09,11:56:09,60,60,Alexandra Village Food Centre,140171 Singapore
11113000934,1,11:11:30,11:56:30,60,60,Alexandra Village Food Centre,140171 Singapore
11114100935,1,11:11:41,11:56:41,60,60,Alexandra Village Food Centre,140025 Singapore
11114200936,1,11:11:42,11:56:42,60,60,Ghim Moh Market & Food Centre,587845 Singapore
11120600937,1,11:12:06,11:57:06,60,60,Alexandra Village Food Centre,120416 Singapore
11123500938,1,11:12:35,11:57:35,60,60,Alexandra Village Food Centre,126839 Singapore
11123900939,1,11:12:39,11:57:39,60,60,Alexandra Village Food Centre,149456 Singapore
11125500940,1,11:12:55,11:57:55,60,60,Alexandra Village Food Centre,268836 Singapore
11125900941,1,11:12:59,11:57:59,60,60,Alexandra Village Food Centre,269612 Singapore
11130300942,1,11:13:03,11:58:03,60,60,Alexandra Village Food Centre,140182 Singapore
11130500943,1,11:13:05,11:58:05,60,60,Alexandra Village Food Centre,148955 Singapore
11131000944,1,11:13:10,11:58:10,60,60,Alexandra Village Food Centre,159104 Singapore
11131200945,1,11:13:12,11:58:12,60,60,Ghim Moh Market & Food Centre,120459 Singapore
11131700946,1,11:13:17,11:58:17,60,60,Ghim Moh Market & Food Centre,129961 Singapore
11133400947,1,11:13:34,11:58:34,60,60,Alexandra Village Food Centre,266462 Singapore
11133400948,1,11:13:34,11:58:34,60,60,Bukit Timah Market & Food Centre,669605 Singapore
11133700949,1,11:13:37,11:58:37,60,60,Alexandra Village Food Centre,117512 Singapore
11135900950,1,11:13:59,11:58:59,60,60,Bukit Timah Market & Food Centre,670447 Singapore
11140300951,1,11:14:03,11:59:03,60,60,Ghim Moh Market & Food Centre,134028 Singapore
11141600952,1,11:14:16,11:59:16,60,60,Bukit Timah Market & Food Centre,659247 Singapore
11143700953,1,11:14:37,11:59:37,60,60,Alexandra Village Food Centre,118136 Singapore
11143800954,1,11:14:38,11:59:38,60,60,Alexandra Village Food Centre,268836 Singapore
11144600955,1,11:14:46,11:59:46,60,60,Bukit Timah Market & Food Centre,679369 Singapore
11151700956,1,11:15:17,12:00:17,60,60,Alexandra Village Food Centre,130003 Singapore
11153700957,1,11:15:37,12:00:37,60,60,Bukit Timah Market & Food Centre,678087 Singapore
11154300958,1,11:15:43,12:00:43,60,60,Alexandra Village Food Centre,276953 Singapore
11155100959,1,11:15:51,12:00:51,60,60,Bukit Timah Market & Food Centre,276308 Singapore
11155300960,1,11:15:53,12:00:53,60,60,Bukit Timah Market & Food Centre,670218 Singapore
11155600961,1,11:15:56,12:00:56,60,60,Alexandra Village Food Centre,138684 Singapore
11160200962,1,11:16:02,12:01:02,60,60,Bukit Timah Market & Food Centre,596229 Singapore
11161200963,1,11:16:12,12:01:12,60,60,Ghim Moh Market & Food Centre,278535 Singapore
11162200964,1,11:16:22,12:01:22,60,60,Bukit Timah Market & Food Centre,270013 Singapore
11163200965,1,11:16:32,12:01:32,60,60,Alexandra Village Food Centre,118797 Singapore
11164100966,1,11:16:41,12:01:41,60,60,Alexandra Village Food Centre,158741 Singapore
11170800967,1,11:17:08,12:02:08,60,60,Ghim Moh Market & Food Centre,279865 Singapore
11172100968,1,11:17:21,12:02:21,60,60,Bukit Timah Market & Food Centre,267671 Singapore
11174400969,1,11:17:44,12:02:44,60,60,Alexandra Village Food Centre,267954 Singapore
11174900970,1,11:17:49,12:02:49,60,60,Ghim Moh Market & Food Centre,597149 Singapore
11180000971,1,11:18:00,12:03:00,60,60,Alexandra Village Food Centre,117468 Singapore
11180100972,1,11:18:01,12:03:01,60,60,Alexandra Village Food Centre,298067 Singapore
11180300973,1,11:18:03,12:03:03,60,60,Alexandra Village Food Centre,266462 Singapore
11181400974,1,11:18:14,12:03:14,60,60,Bukit Timah Market & Food Centre,659636 Singapore
11183900975,1,11:18:39,12:03:39,60,60,Bukit Timah Market & Food Centre,598738 Singapore
11184300976,1,11:18:43,12:03:43,60,60,Alexandra Village Food Centre,260003 Singapore
11184600977,1,11:18:46,12:03:46,60,60,Alexandra Village Food Centre,142053 Singapore
11190200978,1,11:19:02,12:04:02,60,60,Ghim Moh Market & Food Centre,272030 Singapore
11193500979,1,11:19:35,12:04:35,60,60,Bukit Timah Market & Food Centre,270006 Singapore
11195300980,1,11:19:53,12:04:53,60,60,Bukit Timah Market & Food Centre,598721 Singapore
11201800981,1,11:20:18,12:05:18,60,60,Bukit Timah Market & Food Centre,272030 Singapore
11202400982,1,11:20:24,12:05:24,60,60,Alexandra Village Food Centre,159026 Singapore
11202800983,1,11:20:28,12:05:28,60,60,Ghim Moh Market & Food Centre,287242 Singapore
11203600984,1,11:20:36,12:05:36,60,60,Alexandra Village Food Centre,138638 Singapore
11204000985,1,11:20:40,12:05:40,60,60,Alexandra Village Food Centre,119953 Singapore
11210600986,1,11:21:06,12:06:06,60,60,Bukit Timah Market & Food Centre,289886 Singapore
11211900987,1,11:21:19,12:06:19,60,60,Bukit Timah Market & Food Centre,669569 Singapore
11214000988,1,11:21:40,12:06:40,60,60,Alexandra Village Food Centre,287390 Singapore
11214700989,1,11:21:47,12:06:47,60,60,Bukit Timah Market & Food Centre,598735 Singapore
11214700990,1,11:21:47,12:06:47,60,60,Bukit Timah Market & Food Centre,650122 Singapore
11221400991,1,11:22:14,12:07:14,60,60,Bukit Timah Market & Food Centre,657977 Singapore
11223100992,1,11:22:31,12:07:31,60,60,Ghim Moh Market & Food Centre,266224 Singapore
11230100993,1,11:23:01,12:08:01,60,60,Alexandra Village Food Centre,140082 Singapore
11233100994,1,11:23:31,12:08:31,60,60,Alexandra Village Food Centre,149544 Singapore
11233600995,1,11:23:36,12:08:36,60,60,Alexandra Village Food Centre,271021 Singapore
11234100996,1,11:23:41,12:08:41,60,60,Bukit Timah Market & Food Centre,678274 Singapore
11235700997,1,11:23:57,12:08:57,60,60,Bukit Timah Market & Food Centre,653292 Singapore
11245600998,1,11:24:56,12:09:56,60,60,Alexandra Village Food Centre,267612 Singapore
11250300999,1,11:25:03,12:10:03,60,60,Alexandra Village Food Centre,150118 Singapore
11251501000,1,11:25:15,12:10:15,60,60,Alexandra Village Food Centre,138684 Singapore
11255501001,1,11:25:55,12:10:55,60,60,Bukit Timah Market & Food Centre,598731 Singapore
11263601002,1,11:26:36,12:11:36,60,60,Ghim Moh Market & Food Centre,597040 Singapore
11264501003,1,11:26:45,12:11:45,60,60,Alexandra Village Food Centre,287390 Singapore
11265101004,1,11:26:51,12:11:51,60,60,Bukit Timah Market & Food Centre,259281 Singapore
11270101005,1,11:27:01,12:12:01,60,60,Ghim Moh Market & Food Centre,149457 Singapore
11271201006,1,11:27:12,12:12:12,60,60,Alexandra Village Food Centre,150118 Singapore
11273401007,1,11:27:34,12:12:34,60,60,Bukit Timah Market & Food Centre,272009 Singapore
11274001008,1,11:27:40,12:12:40,60,60,Alexandra Village Food Centre,142032 Singapore
11275301009,1,11:27:53,12:12:53,60,60,Ghim Moh Market & Food Centre,589663 Singapore
11280201010,1,11:28:02,12:13:02,60,60,Bukit Timah Market & Food Centre,596743 Singapore
11281801011,1,11:28:18,12:13:18,60,60,Alexandra Village Food Centre,270004 Singapore
11282301012,1,11:28:23,12:13:23,60,60,Bukit Timah Market & Food Centre,598729 Singapore
11282301013,1,11:28:23,12:13:23,60,60,Bukit Timah Market & Food Centre,670273 Singapore
11282601014,1,11:28:26,12:13:26,60,60,Alexandra Village Food Centre,270040 Singapore
11282901015,1,11:28:29,12:13:29,60,60,Bukit Timah Market & Food Centre,650542 Singapore
11282901016,1,11:28:29,12:13:29,60,60,Bukit Timah Market & Food Centre,669559 Singapore
11283501017,1,11:28:35,12:13:35,60,60,Alexandra Village Food Centre,117468 Singapore
11290501018,1,11:29:05,12:14:05,60,60,Bukit Timah Market & Food Centre,667981 Singapore
11293301019,1,11:29:33,12:14:33,60,60,Bukit Timah Market & Food Centre,271022 Singapore
11294201020,1,11:29:42,12:14:42,60,60,Bukit Timah Market & Food Centre,650267 Singapore
11300001021,1,11:30:00,12:15:00,60,60,Ghim Moh Market & Food Centre,122445 Singapore
11300301022,1,11:30:03,12:15:03,60,60,Bukit Timah Market & Food Centre,650256 Singapore
11300701023,1,11:30:07,12:15:07,60,60,Bukit Timah Market & Food Centre,587845 Singapore
11301901024,1,11:30:19,12:15:19,60,60,Alexandra Village Food Centre,267952 Singapore
11304501025,1,11:30:45,12:15:45,60,60,Bukit Timah Market & Food Centre,650389 Singapore
11305101026,1,11:30:51,12:15:51,60,60,Ghim Moh Market & Food Centre,260006 Singapore
11305501027,1,11:30:55,12:15:55,60,60,Alexandra Village Food Centre,159025 Singapore
11314701028,1,11:31:47,12:16:47,60,60,Ghim Moh Market & Food Centre,118166 Singapore
11315501029,1,11:31:55,12:16:55,60,60,Bukit Timah Market & Food Centre,271003 Singapore
11321101030,1,11:32:11,12:17:11,60,60,Alexandra Village Food Centre,138507 Singapore
11322701031,1,11:32:27,12:17:27,60,60,Alexandra Village Food Centre,138638 Singapore
11324501032,1,11:32:45,12:17:45,60,60,Alexandra Village Food Centre,159019 Singapore
11330401033,1,11:33:04,12:18:04,60,60,Alexandra Village Food Centre,119138 Singapore
11332501034,1,11:33:25,12:18:25,60,60,Bukit Timah Market & Food Centre,679695 Singapore
11333001035,1,11:33:30,12:18:30,60,60,Ghim Moh Market & Food Centre,123440 Singapore
11333201036,1,11:33:32,12:18:32,60,60,Alexandra Village Food Centre,140143 Singapore
11334001037,1,11:33:40,12:18:40,60,60,Bukit Timah Market & Food Centre,589488 Singapore
11334101038,1,11:33:41,12:18:41,60,60,Ghim Moh Market & Food Centre,126753 Singapore
11341501039,1,11:34:15,12:19:15,60,60,Alexandra Village Food Centre,149457 Singapore
11342601040,1,11:34:26,12:19:26,60,60,Bukit Timah Market & Food Centre,587849 Singapore
11344001041,1,11:34:40,12:19:40,60,60,Ghim Moh Market & Food Centre,117481 Singapore
11344401042,1,11:34:44,12:19:44,60,60,Bukit Timah Market & Food Centre,651452 Singapore
11345801043,1,11:34:58,12:19:58,60,60,Bukit Timah Market & Food Centre,288058 Singapore
11351101044,1,11:35:11,12:20:11,60,60,Bukit Timah Market & Food Centre,267671 Singapore
11352001045,1,11:35:20,12:20:20,60,60,Alexandra Village Food Centre,138638 Singapore
11352601046,1,11:35:26,12:20:26,60,60,Bukit Timah Market & Food Centre,670447 Singapore
11360101047,1,11:36:01,12:21:01,60,60,Bukit Timah Market & Food Centre,268908 Singapore
11360201048,1,11:36:02,12:21:02,60,60,Bukit Timah Market & Food Centre,597626 Singapore
11361201049,1,11:36:12,12:21:12,60,60,Ghim Moh Market & Food Centre,120458 Singapore
11362301050,1,11:36:23,12:21:23,60,60,Alexandra Village Food Centre,159028 Singapore
11363601051,1,11:36:36,12:21:36,60,60,Bukit Timah Market & Food Centre,651447 Singapore
11363701052,1,11:36:37,12:21:37,60,60,Bukit Timah Market & Food Centre,650182 Singapore
11364401053,1,11:36:44,12:21:44,60,60,Bukit Timah Market & Food Centre,288974 Singapore
11365001054,1,11:36:50,12:21:50,60,60,Bukit Timah Market & Food Centre,267671 Singapore
11370401055,1,11:37:04,12:22:04,60,60,Alexandra Village Food Centre,149457 Singapore
11372001056,1,11:37:20,12:22:20,60,60,Ghim Moh Market & Food Centre,140171 Singapore
11373601057,1,11:37:36,12:22:36,60,60,Bukit Timah Market & Food Centre,277007 Singapore
11373901058,1,11:37:39,12:22:39,60,60,Alexandra Village Food Centre,141095 Singapore
11373901059,1,11:37:39,12:22:39,60,60,Bukit Timah Market & Food Centre,650192 Singapore
11390101060,1,11:39:01,12:24:01,60,60,Ghim Moh Market & Food Centre,288602 Singapore
11390301061,1,11:39:03,12:24:03,60,60,Alexandra Village Food Centre,270033 Singapore
11390701062,1,11:39:07,12:24:07,60,60,Alexandra Village Food Centre,142090 Singapore
11391401063,1,11:39:14,12:24:14,60,60,Alexandra Village Food Centre,159553 Singapore
11391501064,1,11:39:15,12:24:15,60,60,Alexandra Village Food Centre,138678 Singapore
11391701065,1,11:39:17,12:24:17,60,60,Bukit Timah Market & Food Centre,589484 Singapore
11393101066,1,11:39:31,12:24:31,60,60,Ghim Moh Market & Food Centre,130027 Singapore
11394401067,1,11:39:44,12:24:44,60,60,Ghim Moh Market & Food Centre,148955 Singapore
11400701068,1,11:40:07,12:25:07,60,60,Bukit Timah Market & Food Centre,671259 Singapore
11402001069,1,11:40:20,12:25:20,60,60,Bukit Timah Market & Food Centre,266795 Singapore
11402101070,1,11:40:21,12:25:21,60,60,Alexandra Village Food Centre,138565 Singapore
11405701071,1,11:40:57,12:25:57,60,60,Alexandra Village Food Centre,149740 Singapore
11405801072,1,11:40:58,12:25:58,60,60,Bukit Timah Market & Food Centre,654461 Singapore
11405801073,1,11:40:58,12:25:58,60,60,Alexandra Village Food Centre,270033 Singapore
11414301074,1,11:41:43,12:26:43,60,60,Bukit Timah Market & Food Centre,276308 Singapore
11414801075,1,11:41:48,12:26:48,60,60,Ghim Moh Market & Food Centre,272030 Singapore
11414801076,1,11:41:48,12:26:48,60,60,Bukit Timah Market & Food Centre,597627 Singapore
11421801077,1,11:42:18,12:27:18,60,60,Bukit Timah Market & Food Centre,271013 Singapore
11422601078,1,11:42:26,12:27:26,60,60,Bukit Timah Market & Food Centre,659762 Singapore
11423501079,1,11:42:35,12:27:35,60,60,Alexandra Village Food Centre,271006 Singapore
11423801080,1,11:42:38,12:27:38,60,60,Alexandra Village Food Centre,277054 Singapore
11431201081,1,11:43:12,12:28:12,60,60,Bukit Timah Market & Food Centre,589484 Singapore
11431701082,1,11:43:17,12:28:17,60,60,Alexandra Village Food Centre,142091 Singapore
11431901083,1,11:43:19,12:28:19,60,60,Bukit Timah Market & Food Centre,677662 Singapore
11432501084,1,11:43:25,12:28:25,60,60,Alexandra Village Food Centre,278698 Singapore
11433001085,1,11:43:30,12:28:30,60,60,Alexandra Village Food Centre,150118 Singapore
11435001086,1,11:43:50,12:28:50,60,60,Bukit Timah Market & Food Centre,650387 Singapore
11440001087,1,11:44:00,12:29:00,60,60,Bukit Timah Market & Food Centre,267748 Singapore
11442101088,1,11:44:21,12:29:21,60,60,Ghim Moh Market & Food Centre,268844 Singapore
11442701089,1,11:44:27,12:29:27,60,60,Bukit Timah Market & Food Centre,670239 Singapore
11443301090,1,11:44:33,12:29:33,60,60,Bukit Timah Market & Food Centre,670163 Singapore
11444101091,1,11:44:41,12:29:41,60,60,Bukit Timah Market & Food Centre,653443 Singapore
11445301092,1,11:44:53,12:29:53,60,60,Bukit Timah Market & Food Centre,651293 Singapore
11445601093,1,11:44:56,12:29:56,60,60,Bukit Timah Market & Food Centre,669627 Singapore
11450501094,1,11:45:05,12:30:05,60,60,Alexandra Village Food Centre,117468 Singapore
11453401095,1,11:45:34,12:30:34,60,60,Ghim Moh Market & Food Centre,266838 Singapore
11454201096,1,11:45:42,12:30:42,60,60,Bukit Timah Market & Food Centre,670408 Singapore
11454901097,1,11:45:49,12:30:49,60,60,Bukit Timah Market & Food Centre,670416 Singapore
11455501098,1,11:45:55,12:30:55,60,60,Bukit Timah Market & Food Centre,678267 Singapore
11455701099,1,11:45:57,12:30:57,60,60,Ghim Moh Market & Food Centre,276694 Singapore
11464101100,1,11:46:41,12:31:41,60,60,Alexandra Village Food Centre,117612 Singapore
11464901101,1,11:46:49,12:31:49,60,60,Alexandra Village Food Centre,159053 Singapore
11470501102,1,11:47:05,12:32:05,60,60,Ghim Moh Market & Food Centre,279883 Singapore
11470901103,1,11:47:09,12:32:09,60,60,Ghim Moh Market & Food Centre,609926 Singapore
11471301104,1,11:47:13,12:32:13,60,60,Ghim Moh Market & Food Centre,126753 Singapore
11471901105,1,11:47:19,12:32:19,60,60,Ghim Moh Market & Food Centre,269116 Singapore
11472701106,1,11:47:27,12:32:27,60,60,Bukit Timah Market & Food Centre,650628 Singapore
11475401107,1,11:47:54,12:32:54,60,60,Alexandra Village Food Centre,138638 Singapore
11475801108,1,11:47:58,12:32:58,60,60,Alexandra Village Food Centre,270019 Singapore
11480501109,1,11:48:05,12:33:05,60,60,Alexandra Village Food Centre,158744 Singapore
11480701110,1,11:48:07,12:33:07,60,60,Alexandra Village Food Centre,159456 Singapore
11480801111,1,11:48:08,12:33:08,60,60,Bukit Timah Market & Food Centre,266992 Singapore
11481001112,1,11:48:10,12:33:10,60,60,Alexandra Village Food Centre,149457 Singapore
11482601113,1,11:48:26,12:33:26,60,60,Bukit Timah Market & Food Centre,670211 Singapore
11482901114,1,11:48:29,12:33:29,60,60,Ghim Moh Market & Food Centre,140171 Singapore
11490801115,1,11:49:08,12:34:08,60,60,Alexandra Village Food Centre,141081 Singapore
11492301116,1,11:49:23,12:34:23,60,60,Alexandra Village Food Centre,138638 Singapore
11492501117,1,11:49:25,12:34:25,60,60,Alexandra Village Food Centre,159018 Singapore
11492501118,1,11:49:25,12:34:25,60,60,Alexandra Village Food Centre,119098 Singapore
11494101119,1,11:49:41,12:34:41,60,60,Ghim Moh Market & Food Centre,130012 Singapore
11495801120,1,11:49:58,12:34:58,60,60,Ghim Moh Market & Food Centre,138595 Singapore
11500201121,1,11:50:02,12:35:02,60,60,Alexandra Village Food Centre,269116 Singapore
11501901122,1,11:50:19,12:35:19,60,60,Bukit Timah Market & Food Centre,651452 Singapore
11502501123,1,11:50:25,12:35:25,60,60,Ghim Moh Market & Food Centre,597090 Singapore
11510301124,1,11:51:03,12:36:03,60,60,Bukit Timah Market & Food Centre,650267 Singapore
11510901125,1,11:51:09,12:36:09,60,60,Alexandra Village Food Centre,148955 Singapore
11512701126,1,11:51:27,12:36:27,60,60,Bukit Timah Market & Food Centre,279883 Singapore
11513401127,1,11:51:34,12:36:34,60,60,Ghim Moh Market & Food Centre,141089 Singapore
11514101128,1,11:51:41,12:36:41,60,60,Alexandra Village Food Centre,158746 Singapore
11521901129,1,11:52:19,12:37:19,60,60,Bukit Timah Market & Food Centre,670184 Singapore
11522101130,1,11:52:21,12:37:21,60,60,Alexandra Village Food Centre,117840 Singapore
11522301131,1,11:52:23,12:37:23,60,60,Ghim Moh Market & Food Centre,119554 Singapore
11522701132,1,11:52:27,12:37:27,60,60,Alexandra Village Food Centre,159938 Singapore
11525001133,1,11:52:50,12:37:50,60,60,Alexandra Village Food Centre,298067 Singapore
11525701134,1,11:52:57,12:37:57,60,60,Ghim Moh Market & Food Centre,128973 Singapore
11530901135,1,11:53:09,12:38:09,60,60,Alexandra Village Food Centre,118699 Singapore
11532001136,1,11:53:20,12:38:20,60,60,Bukit Timah Market & Food Centre,271021 Singapore
11533101137,1,11:53:31,12:38:31,60,60,Ghim Moh Market & Food Centre,120519 Singapore
11533401138,1,11:53:34,12:38:34,60,60,Alexandra Village Food Centre,120613 Singapore
11540101139,1,11:54:01,12:39:01,60,60,Bukit Timah Market & Food Centre,678274 Singapore
11541901140,1,11:54:19,12:39:19,60,60,Bukit Timah Market & Food Centre,267671 Singapore
11543201141,1,11:54:32,12:39:32,60,60,Bukit Timah Market & Food Centre,278731 Singapore
11544901142,1,11:54:49,12:39:49,60,60,Bukit Timah Market & Food Centre,650141 Singapore
11550801143,1,11:55:08,12:40:08,60,60,Alexandra Village Food Centre,159022 Singapore
11550801144,1,11:55:08,12:40:08,60,60,Alexandra Village Food Centre,150118 Singapore
11550801145,1,11:55:08,12:40:08,60,60,Bukit Timah Market & Food Centre,669559 Singapore
11551101146,1,11:55:11,12:40:11,60,60,Bukit Timah Market & Food Centre,266944 Singapore
11551801147,1,11:55:18,12:40:18,60,60,Alexandra Village Food Centre,138637 Singapore
11554001148,1,11:55:40,12:40:40,60,60,Alexandra Village Food Centre,120414 Singapore
11554701149,1,11:55:47,12:40:47,60,60,Alexandra Village Food Centre,119098 Singapore
11560701150,1,11:56:07,12:41:07,60,60,Alexandra Village Food Centre,276693 Singapore
11561701151,1,11:56:17,12:41:17,60,60,Alexandra Village Food Centre,141090 Singapore
11561701152,1,11:56:17,12:41:17,60,60,Ghim Moh Market & Food Centre,271002 Singapore
11563801153,1,11:56:38,12:41:38,60,60,Ghim Moh Market & Food Centre,122312 Singapore
11563901154,1,11:56:39,12:41:39,60,60,Bukit Timah Market & Food Centre,288383 Singapore
11564401155,1,11:56:44,12:41:44,60,60,Ghim Moh Market & Food Centre,287891 Singapore
11571601156,1,11:57:16,12:42:16,60,60,Bukit Timah Market & Food Centre,652296 Singapore
11573201157,1,11:57:32,12:42:32,60,60,Ghim Moh Market & Food Centre,141089 Singapore
11573901158,1,11:57:39,12:42:39,60,60,Alexandra Village Food Centre,138507 Singapore
11574601159,1,11:57:46,12:42:46,60,60,Alexandra Village Food Centre,267953 Singapore
11575301160,1,11:57:53,12:42:53,60,60,Ghim Moh Market & Food Centre,140048 Singapore
11575401161,1,11:57:54,12:42:54,60,60,Alexandra Village Food Centre,267953 Singapore
11575501162,1,11:57:55,12:42:55,60,60,Bukit Timah Market & Food Centre,653442 Singapore
11581201163,1,11:58:12,12:43:12,60,60,Ghim Moh Market & Food Centre,159025 Singapore
11581401164,1,11:58:14,12:43:14,60,60,Bukit Timah Market & Food Centre,651437 Singapore
11582101165,1,11:58:21,12:43:21,60,60,Ghim Moh Market & Food Centre,141087 Singapore
11583301166,1,11:58:33,12:43:33,60,60,Alexandra Village Food Centre,159944 Singapore
11584301167,1,11:58:43,12:43:43,60,60,Ghim Moh Market & Food Centre,140051 Singapore
11585101168,1,11:58:51,12:43:51,60,60,Bukit Timah Market & Food Centre,277376 Singapore
11594801169,1,11:59:48,12:44:48,60,60,Alexandra Village Food Centre,269612 Singapore
11595101170,1,11:59:51,12:44:51,60,60,Bukit Timah Market & Food Centre,270013 Singapore
11595501171,1,11:59:55,12:44:55,60,60,Bukit Timah Market & Food Centre,656288 Singapore
12002901172,1,12:00:29,12:45:29,60,60,Bukit Timah Market & Food Centre,271013 Singapore
12003901173,1,12:00:39,12:45:39,60,60,Bukit Timah Market & Food Centre,598309 Singapore
12004701174,1,12:00:47,12:45:47,60,60,Alexandra Village Food Centre,299204 Singapore
12013901175,1,12:01:39,12:46:39,60,60,Alexandra Village Food Centre,141086 Singapore
12015601176,1,12:01:56,12:46:56,60,60,Bukit Timah Market & Food Centre,651449 Singapore
12021001177,1,12:02:10,12:47:10,60,60,Ghim Moh Market & Food Centre,142062 Singapore
12022901178,1,12:02:29,12:47:29,60,60,Bukit Timah Market & Food Centre,652292 Singapore
12030401179,1,12:03:04,12:48:04,60,60,Ghim Moh Market & Food Centre,141096 Singapore
12035801180,1,12:03:58,12:48:58,60,60,Bukit Timah Market & Food Centre,659591 Singapore
12044701181,1,12:04:47,12:49:47,60,60,Alexandra Village Food Centre,118136 Singapore
12050001182,1,12:05:00,12:50:00,60,60,Alexandra Village Food Centre,150118 Singapore
12050701183,1,12:05:07,12:50:07,60,60,Bukit Timah Market & Food Centre,650389 Singapore
12052401184,1,12:05:24,12:50:24,60,60,Bukit Timah Market & Food Centre,259281 Singapore
12053201185,1,12:05:32,12:50:32,60,60,Alexandra Village Food Centre,140023 Singapore
12053901186,1,12:05:39,12:50:39,60,60,Bukit Timah Market & Food Centre,652296 Singapore
12054801187,1,12:05:48,12:50:48,60,60,Alexandra Village Food Centre,138638 Singapore
12060401188,1,12:06:04,12:51:04,60,60,Ghim Moh Market & Food Centre,589660 Singapore
12064701189,1,12:06:47,12:51:47,60,60,Alexandra Village Food Centre,299852 Singapore
12065101190,1,12:06:51,12:51:51,60,60,Bukit Timah Market & Food Centre,678267 Singapore
12065501191,1,12:06:55,12:51:55,60,60,Bukit Timah Market & Food Centre,670175 Singapore
12065901192,1,12:06:59,12:51:59,60,60,Bukit Timah Market & Food Centre,288974 Singapore
12075301193,1,12:07:53,12:52:53,60,60,Alexandra Village Food Centre,260008 Singapore
12084901194,1,12:08:49,12:53:49,60,60,Ghim Moh Market & Food Centre,267748 Singapore
12092701195,1,12:09:27,12:54:27,60,60,Ghim Moh Market & Food Centre,120373 Singapore
12093001196,1,12:09:30,12:54:30,60,60,Bukit Timah Market & Food Centre,258815 Singapore
12101501197,1,12:10:15,12:55:15,60,60,Bukit Timah Market & Food Centre,650320 Singapore
12105901198,1,12:10:59,12:55:59,60,60,Ghim Moh Market & Food Centre,269015 Singapore
12110501199,1,12:11:05,12:56:05,60,60,Bukit Timah Market & Food Centre,589487 Singapore
12110701200,1,12:11:07,12:56:07,60,60,Alexandra Village Food Centre,138595 Singapore
12112801201,1,12:11:28,12:56:28,60,60,Bukit Timah Market & Food Centre,659244 Singapore
12114901202,1,12:11:49,12:56:49,60,60,Ghim Moh Market & Food Centre,593001 Singapore
12115801203,1,12:11:58,12:56:58,60,60,Alexandra Village Food Centre,134028 Singapore
12120301204,1,12:12:03,12:57:03,60,60,Alexandra Village Food Centre,287534 Singapore
12124201205,1,12:12:42,12:57:42,60,60,Alexandra Village Food Centre,286890 Singapore
12125101206,1,12:12:51,12:57:51,60,60,Bukit Timah Market & Food Centre,598731 Singapore
12130201207,1,12:13:02,12:58:02,60,60,Alexandra Village Food Centre,277549 Singapore
12130701208,1,12:13:07,12:58:07,60,60,Bukit Timah Market & Food Centre,277051 Singapore
12131701209,1,12:13:17,12:58:17,60,60,Bukit Timah Market & Food Centre,588660 Singapore
12133601210,1,12:13:36,12:58:36,60,60,Bukit Timah Market & Food Centre,271008 Singapore
12134701211,1,12:13:47,12:58:47,60,60,Ghim Moh Market & Food Centre,287995 Singapore
12135301212,1,12:13:53,12:58:53,60,60,Alexandra Village Food Centre,141079 Singapore
12141601213,1,12:14:16,12:59:16,60,60,Alexandra Village Food Centre,159028 Singapore
12151401214,1,12:15:14,13:00:14,60,60,Bukit Timah Market & Food Centre,258822 Singapore
12153701215,1,12:15:37,13:00:37,60,60,Bukit Timah Market & Food Centre,277007 Singapore
12162201216,1,12:16:22,13:01:22,60,60,Bukit Timah Market & Food Centre,269198 Singapore
12164101217,1,12:16:41,13:01:41,60,60,Ghim Moh Market & Food Centre,138678 Singapore
12165601218,1,12:16:56,13:01:56,60,60,Ghim Moh Market & Food Centre,287995 Singapore
12170201219,1,12:17:02,13:02:02,60,60,Alexandra Village Food Centre,141086 Singapore
12172301220,1,12:17:23,13:02:23,60,60,Bukit Timah Market & Food Centre,596743 Singapore
12175301221,1,12:17:53,13:02:53,60,60,Bukit Timah Market & Food Centre,667980 Singapore
12183701222,1,12:18:37,13:03:37,60,60,Ghim Moh Market & Food Centre,142089 Singapore
12183901223,1,12:18:39,13:03:39,60,60,Bukit Timah Market & Food Centre,278535 Singapore
12184101224,1,12:18:41,13:03:41,60,60,Alexandra Village Food Centre,268836 Singapore
12191001225,1,12:19:10,13:04:10,60,60,Bukit Timah Market & Food Centre,669557 Singapore
12191401226,1,12:19:14,13:04:14,60,60,Bukit Timah Market & Food Centre,670273 Singapore
12192601227,1,12:19:26,13:04:26,60,60,Bukit Timah Market & Food Centre,652290 Singapore
12193501228,1,12:19:35,13:04:35,60,60,Alexandra Village Food Centre,138638 Singapore
12195301229,1,12:19:53,13:04:53,60,60,Alexandra Village Food Centre,267953 Singapore
12200501230,1,12:20:05,13:05:05,60,60,Ghim Moh Market & Food Centre,120416 Singapore
12204601231,1,12:20:46,13:05:46,60,60,Bukit Timah Market & Food Centre,287532 Singapore
12211301232,1,12:21:13,13:06:13,60,60,Bukit Timah Market & Food Centre,266621 Singapore
12214201233,1,12:21:42,13:06:42,60,60,Ghim Moh Market & Food Centre,127717 Singapore
12215501234,1,12:21:55,13:06:55,60,60,Bukit Timah Market & Food Centre,669012 Singapore
12232901235,1,12:23:29,13:08:29,60,60,Bukit Timah Market & Food Centre,271003 Singapore
12233601236,1,12:23:36,13:08:36,60,60,Alexandra Village Food Centre,142094 Singapore
12233701237,1,12:23:37,13:08:37,60,60,Bukit Timah Market & Food Centre,678087 Singapore
12240401238,1,12:24:04,13:09:04,60,60,Ghim Moh Market & Food Centre,117506 Singapore
12241901239,1,12:24:19,13:09:19,60,60,Alexandra Village Food Centre,275827 Singapore
12245901240,1,12:24:59,13:09:59,60,60,Ghim Moh Market & Food Centre,129791 Singapore
12251601241,1,12:25:16,13:10:16,60,60,Alexandra Village Food Centre,138614 Singapore
12252401242,1,12:25:24,13:10:24,60,60,Bukit Timah Market & Food Centre,653442 Singapore
12253701243,1,12:25:37,13:10:37,60,60,Bukit Timah Market & Food Centre,679695 Singapore
12260901244,1,12:26:09,13:11:09,60,60,Alexandra Village Food Centre,270029 Singapore
12271901245,1,12:27:19,13:12:19,60,60,Bukit Timah Market & Food Centre,650440 Singapore
12275301246,1,12:27:53,13:12:53,60,60,Ghim Moh Market & Food Centre,591301 Singapore
12283701247,1,12:28:37,13:13:37,60,60,Ghim Moh Market & Food Centre,267673 Singapore
12294501248,1,12:29:45,13:14:45,60,60,Alexandra Village Food Centre,138638 Singapore
12305401249,1,12:30:54,13:15:54,60,60,Bukit Timah Market & Food Centre,267954 Singapore
12311801250,1,12:31:18,13:16:18,60,60,Alexandra Village Food Centre,120612 Singapore
12313001251,1,12:31:30,13:16:30,60,60,Bukit Timah Market & Food Centre,257516 Singapore
12313801252,1,12:31:38,13:16:38,60,60,Alexandra Village Food Centre,118108 Singapore
12322101253,1,12:32:21,13:17:21,60,60,Alexandra Village Food Centre,140021 Singapore
12323401254,1,12:32:34,13:17:34,60,60,Bukit Timah Market & Food Centre,670167 Singapore
12331301255,1,12:33:13,13:18:13,60,60,Alexandra Village Food Centre,117506 Singapore
12335101256,1,12:33:51,13:18:51,60,60,Bukit Timah Market & Food Centre,596195 Singapore
12335501257,1,12:33:55,13:18:55,60,60,Bukit Timah Market & Food Centre,269116 Singapore
12340401258,1,12:34:04,13:19:04,60,60,Alexandra Village Food Centre,288433 Singapore
12341501259,1,12:34:15,13:19:15,60,60,Alexandra Village Food Centre,119098 Singapore
12343701260,1,12:34:37,13:19:37,60,60,Alexandra Village Food Centre,130017 Singapore
12350501261,1,12:35:05,13:20:05,60,60,Bukit Timah Market & Food Centre,275827 Singapore
12352501262,1,12:35:25,13:20:25,60,60,Ghim Moh Market & Food Centre,278737 Singapore
12354501263,1,12:35:45,13:20:45,60,60,Bukit Timah Market & Food Centre,597631 Singapore
12360501264,1,12:36:05,13:21:05,60,60,Ghim Moh Market & Food Centre,117505 Singapore
12361301265,1,12:36:13,13:21:13,60,60,Ghim Moh Market & Food Centre,126753 Singapore
12365201266,1,12:36:52,13:21:52,60,60,Alexandra Village Food Centre,279538 Singapore
12365201267,1,12:36:52,13:21:52,60,60,Alexandra Village Food Centre,141079 Singapore
12372901268,1,12:37:29,13:22:29,60,60,Alexandra Village Food Centre,149740 Singapore
12373201269,1,12:37:32,13:22:32,60,60,Alexandra Village Food Centre,140053 Singapore
12373301270,1,12:37:33,13:22:33,60,60,Bukit Timah Market & Food Centre,267612 Singapore
12373901271,1,12:37:39,13:22:39,60,60,Bukit Timah Market & Food Centre,659801 Singapore
12374201272,1,12:37:42,13:22:42,60,60,Alexandra Village Food Centre,129792 Singapore
12374801273,1,12:37:48,13:22:48,60,60,Ghim Moh Market & Food Centre,120352 Singapore
12374901274,1,12:37:49,13:22:49,60,60,Alexandra Village Food Centre,150118 Singapore
12375101275,1,12:37:51,13:22:51,60,60,Ghim Moh Market & Food Centre,289902 Singapore
12382501276,1,12:38:25,13:23:25,60,60,Alexandra Village Food Centre,266740 Singapore
12382901277,1,12:38:29,13:23:29,60,60,Alexandra Village Food Centre,126839 Singapore
12384601278,1,12:38:46,13:23:46,60,60,Bukit Timah Market & Food Centre,670243 Singapore
12385901279,1,12:38:59,13:23:59,60,60,Alexandra Village Food Centre,117686 Singapore
12392501280,1,12:39:25,13:24:25,60,60,Ghim Moh Market & Food Centre,117468 Singapore
12401001281,1,12:40:10,13:25:10,60,60,Alexandra Village Food Centre,268167 Singapore
12404801282,1,12:40:48,13:25:48,60,60,Alexandra Village Food Centre,142091 Singapore
12405101283,1,12:40:51,13:25:51,60,60,Ghim Moh Market & Food Centre,267748 Singapore
12410501284,1,12:41:05,13:26:05,60,60,Bukit Timah Market & Food Centre,658077 Singapore
12411301285,1,12:41:13,13:26:13,60,60,Bukit Timah Market & Food Centre,597626 Singapore
12412301286,1,12:41:23,13:26:23,60,60,Alexandra Village Food Centre,268844 Singapore
12414801287,1,12:41:48,13:26:48,60,60,Alexandra Village Food Centre,138614 Singapore
12420201288,1,12:42:02,13:27:02,60,60,Ghim Moh Market & Food Centre,267612 Singapore
12420801289,1,12:42:08,13:27:08,60,60,Bukit Timah Market & Food Centre,659248 Singapore
12423701290,1,12:42:37,13:27:37,60,60,Bukit Timah Market & Food Centre,667978 Singapore
12424201291,1,12:42:42,13:27:42,60,60,Alexandra Village Food Centre,138678 Singapore
12430001292,1,12:43:00,13:28:00,60,60,Ghim Moh Market & Food Centre,267954 Singapore
12430701293,1,12:43:07,13:28:07,60,60,Alexandra Village Food Centre,142090 Singapore
12432901294,1,12:43:29,13:28:29,60,60,Bukit Timah Market & Food Centre,670218 Singapore
12434501295,1,12:43:45,13:28:45,60,60,Ghim Moh Market & Food Centre,266977 Singapore
12435401296,1,12:43:54,13:28:54,60,60,Bukit Timah Market & Food Centre,587849 Singapore
12435501297,1,12:43:55,13:28:55,60,60,Ghim Moh Market & Food Centre,141086 Singapore
12441101298,1,12:44:11,13:29:11,60,60,Ghim Moh Market & Food Centre,589658 Singapore
12445301299,1,12:44:53,13:29:53,60,60,Alexandra Village Food Centre,289900 Singapore
12451001300,1,12:45:10,13:30:10,60,60,Bukit Timah Market & Food Centre,271031 Singapore
12453601301,1,12:45:36,13:30:36,60,60,Alexandra Village Food Centre,269612 Singapore
12454701302,1,12:45:47,13:30:47,60,60,Ghim Moh Market & Food Centre,141089 Singapore
12455301303,1,12:45:53,13:30:53,60,60,Alexandra Village Food Centre,140146 Singapore
12463501304,1,12:46:35,13:31:35,60,60,Alexandra Village Food Centre,134028 Singapore
12471501305,1,12:47:15,13:32:15,60,60,Ghim Moh Market & Food Centre,267954 Singapore
12472601306,1,12:47:26,13:32:26,60,60,Bukit Timah Market & Food Centre,278731 Singapore
12480201307,1,12:48:02,13:33:02,60,60,Alexandra Village Food Centre,150118 Singapore
12480201308,1,12:48:02,13:33:02,60,60,Bukit Timah Market & Food Centre,678087 Singapore
12482501309,1,12:48:25,13:33:25,60,60,Bukit Timah Market & Food Centre,667978 Singapore
12482701310,1,12:48:27,13:33:27,60,60,Alexandra Village Food Centre,260008 Singapore
12492201311,1,12:49:22,13:34:22,60,60,Bukit Timah Market & Food Centre,278535 Singapore
12494301312,1,12:49:43,13:34:43,60,60,Bukit Timah Market & Food Centre,656288 Singapore
12494901313,1,12:49:49,13:34:49,60,60,Bukit Timah Market & Food Centre,589631 Singapore
12495701314,1,12:49:57,13:34:57,60,60,Ghim Moh Market & Food Centre,297920 Singapore
12504201315,1,12:50:42,13:35:42,60,60,Alexandra Village Food Centre,150118 Singapore
12511501316,1,12:51:15,13:36:15,60,60,Bukit Timah Market & Food Centre,269123 Singapore
12512001317,1,12:51:20,13:36:20,60,60,Alexandra Village Food Centre,159026 Singapore
12515001318,1,12:51:50,13:36:50,60,60,Ghim Moh Market & Food Centre,138601 Singapore
12520701319,1,12:52:07,13:37:07,60,60,Ghim Moh Market & Food Centre,587978 Singapore
12523301320,1,12:52:33,13:37:33,60,60,Bukit Timah Market & Food Centre,653448 Singapore
12530001321,1,12:53:00,13:38:00,60,60,Bukit Timah Market & Food Centre,650339 Singapore
12531301322,1,12:53:13,13:38:13,60,60,Bukit Timah Market & Food Centre,597159 Singapore
12544701323,1,12:54:47,13:39:47,60,60,Bukit Timah Market & Food Centre,597631 Singapore
12545101324,1,12:54:51,13:39:51,60,60,Alexandra Village Food Centre,140081 Singapore
12551001325,1,12:55:10,13:40:10,60,60,Bukit Timah Market & Food Centre,277051 Singapore
12571301326,1,12:57:13,13:42:13,60,60,Alexandra Village Food Centre,269728 Singapore
12584401327,1,12:58:44,13:43:44,60,60,Bukit Timah Market & Food Centre,286763 Singapore
12590201328,1,12:59:02,13:44:02,60,60,Bukit Timah Market & Food Centre,288383 Singapore
12592601329,1,12:59:26,13:44:26,60,60,Alexandra Village Food Centre,267953 Singapore
12595001330,1,12:59:50,13:44:50,60,60,Alexandra Village Food Centre,267953 Singapore
13000001331,1,13:00:00,13:45:00,60,60,Ghim Moh Market & Food Centre,267935 Singapore
13002601332,1,13:00:26,13:45:26,60,60,Bukit Timah Market & Food Centre,587845 Singapore
13024901333,1,13:02:49,13:47:49,60,60,Bukit Timah Market & Food Centre,667968 Singapore
13025301334,1,13:02:53,13:47:53,60,60,Alexandra Village Food Centre,141086 Singapore
13030001335,1,13:03:00,13:48:00,60,60,Ghim Moh Market & Food Centre,267748 Singapore
13033201336,1,13:03:32,13:48:32,60,60,Alexandra Village Food Centre,150118 Singapore
13033301337,1,13:03:33,13:48:33,60,60,Alexandra Village Food Centre,159028 Singapore
13033701338,1,13:03:37,13:48:37,60,60,Alexandra Village Food Centre,148955 Singapore
13041701339,1,13:04:17,13:49:17,60,60,Ghim Moh Market & Food Centre,267660 Singapore
13043501340,1,13:04:35,13:49:35,60,60,Alexandra Village Food Centre,266744 Singapore
13052301341,1,13:05:23,13:50:23,60,60,Bukit Timah Market & Food Centre,598326 Singapore
13053501342,1,13:05:35,13:50:35,60,60,Bukit Timah Market & Food Centre,679668 Singapore
13061001343,1,13:06:10,13:51:10,60,60,Alexandra Village Food Centre,150118 Singapore
13061601344,1,13:06:16,13:51:16,60,60,Ghim Moh Market & Food Centre,142057 Singapore
13064401345,1,13:06:44,13:51:44,60,60,Alexandra Village Food Centre,129788 Singapore
13064801346,1,13:06:48,13:51:48,60,60,Bukit Timah Market & Food Centre,670174 Singapore
13080701347,1,13:08:07,13:53:07,60,60,Ghim Moh Market & Food Centre,141052 Singapore
13080901348,1,13:08:09,13:53:09,60,60,Alexandra Village Food Centre,118136 Singapore
13083101349,1,13:08:31,13:53:31,60,60,Alexandra Village Food Centre,298916 Singapore
13083301350,1,13:08:33,13:53:33,60,60,Bukit Timah Market & Food Centre,651437 Singapore
13084401351,1,13:08:44,13:53:44,60,60,Alexandra Village Food Centre,138567 Singapore
13090501352,1,13:09:05,13:54:05,60,60,Bukit Timah Market & Food Centre,678267 Singapore
13100501353,1,13:10:05,13:55:05,60,60,Alexandra Village Food Centre,118860 Singapore
13104801354,1,13:10:48,13:55:48,60,60,Ghim Moh Market & Food Centre,119968 Singapore
13110201355,1,13:11:02,13:56:02,60,60,Bukit Timah Market & Food Centre,589630 Singapore
13110901356,1,13:11:09,13:56:09,60,60,Alexandra Village Food Centre,118676 Singapore
13113401357,1,13:11:34,13:56:34,60,60,Alexandra Village Food Centre,117468 Singapore
13113701358,1,13:11:37,13:56:37,60,60,Bukit Timah Market & Food Centre,652440 Singapore
13123401359,1,13:12:34,13:57:34,60,60,Alexandra Village Food Centre,117756 Singapore
13124601360,1,13:12:46,13:57:46,60,60,Bukit Timah Market & Food Centre,667981 Singapore
13125501361,1,13:12:55,13:57:55,60,60,Bukit Timah Market & Food Centre,279883 Singapore
13131301362,1,13:13:13,13:58:13,60,60,Alexandra Village Food Centre,127450 Singapore
13134901363,1,13:13:49,13:58:49,60,60,Ghim Moh Market & Food Centre,597626 Singapore
13135501364,1,13:13:55,13:58:55,60,60,Bukit Timah Market & Food Centre,598738 Singapore
13140401365,1,13:14:04,13:59:04,60,60,Ghim Moh Market & Food Centre,287995 Singapore
13142101366,1,13:14:21,13:59:21,60,60,Alexandra Village Food Centre,275018 Singapore
13143201367,1,13:14:32,13:59:32,60,60,Alexandra Village Food Centre,142090 Singapore
13154801368,1,13:15:48,14:00:48,60,60,Alexandra Village Food Centre,120416 Singapore
13160601369,1,13:16:06,14:01:06,60,60,Bukit Timah Market & Food Centre,670167 Singapore
13162401370,1,13:16:24,14:01:24,60,60,Bukit Timah Market & Food Centre,670416 Singapore
13171301371,1,13:17:13,14:02:13,60,60,Alexandra Village Food Centre,140037 Singapore
13172301372,1,13:17:23,14:02:23,60,60,Bukit Timah Market & Food Centre,670236 Singapore
13172801373,1,13:17:28,14:02:28,60,60,Ghim Moh Market & Food Centre,589632 Singapore
13173801374,1,13:17:38,14:02:38,60,60,Ghim Moh Market & Food Centre,589655 Singapore
13175401375,1,13:17:54,14:02:54,60,60,Ghim Moh Market & Food Centre,120301 Singapore
13181901376,1,13:18:19,14:03:19,60,60,Alexandra Village Food Centre,158744 Singapore
13184601377,1,13:18:46,14:03:46,60,60,Alexandra Village Food Centre,159028 Singapore
13185601378,1,13:18:56,14:03:56,60,60,Bukit Timah Market & Food Centre,588195 Singapore
13195301379,1,13:19:53,14:04:53,60,60,Bukit Timah Market & Food Centre,271008 Singapore
13201801380,1,13:20:18,14:05:18,60,60,Bukit Timah Market & Food Centre,653443 Singapore
13203201381,1,13:20:32,14:05:32,60,60,Bukit Timah Market & Food Centre,669012 Singapore
13204901382,1,13:20:49,14:05:49,60,60,Bukit Timah Market & Food Centre,653448 Singapore
13205701383,1,13:20:57,14:05:57,60,60,Alexandra Village Food Centre,141086 Singapore
13213501384,1,13:21:35,14:06:35,60,60,Alexandra Village Food Centre,118797 Singapore
13214301385,1,13:21:43,14:06:43,60,60,Bukit Timah Market & Food Centre,668328 Singapore
13222601386,1,13:22:26,14:07:26,60,60,Bukit Timah Market & Food Centre,670184 Singapore
13223601387,1,13:22:36,14:07:36,60,60,Alexandra Village Food Centre,299204 Singapore
13230101388,1,13:23:01,14:08:01,60,60,Alexandra Village Food Centre,140098 Singapore
13234101389,1,13:23:41,14:08:41,60,60,Bukit Timah Market & Food Centre,288502 Singapore
13244401390,1,13:24:44,14:09:44,60,60,Ghim Moh Market & Food Centre,267534 Singapore
13252501391,1,13:25:25,14:10:25,60,60,Alexandra Village Food Centre,271006 Singapore
13263301392,1,13:26:33,14:11:33,60,60,Bukit Timah Market & Food Centre,267951 Singapore
13263601393,1,13:26:36,14:11:36,60,60,Alexandra Village Food Centre,271032 Singapore
13271001394,1,13:27:10,14:12:10,60,60,Bukit Timah Market & Food Centre,258853 Singapore
13271601395,1,13:27:16,14:12:16,60,60,Bukit Timah Market & Food Centre,267341 Singapore
13271901396,1,13:27:19,14:12:19,60,60,Bukit Timah Market & Food Centre,271013 Singapore
13275001397,1,13:27:50,14:12:50,60,60,Alexandra Village Food Centre,142053 Singapore
13275401398,1,13:27:54,14:12:54,60,60,Ghim Moh Market & Food Centre,277051 Singapore
13281601399,1,13:28:16,14:13:16,60,60,Bukit Timah Market & Food Centre,670178 Singapore
13283401400,1,13:28:34,14:13:34,60,60,Ghim Moh Market & Food Centre,266313 Singapore
13283801401,1,13:28:38,14:13:38,60,60,Alexandra Village Food Centre,117756 Singapore
13284101402,1,13:28:41,14:13:41,60,60,Bukit Timah Market & Food Centre,650304 Singapore
13290701403,1,13:29:07,14:14:07,60,60,Alexandra Village Food Centre,279538 Singapore
13292601404,1,13:29:26,14:14:26,60,60,Ghim Moh Market & Food Centre,141096 Singapore
13300501405,1,13:30:05,14:15:05,60,60,Bukit Timah Market & Food Centre,266338 Singapore
13301501406,1,13:30:15,14:15:15,60,60,Alexandra Village Food Centre,298067 Singapore
13321201407,1,13:32:12,14:17:12,60,60,Bukit Timah Market & Food Centre,677728 Singapore
13325201408,1,13:32:52,14:17:52,60,60,Alexandra Village Food Centre,269015 Singapore
13334301409,1,13:33:43,14:18:43,60,60,Bukit Timah Market & Food Centre,267952 Singapore
13334401410,1,13:33:44,14:18:44,60,60,Alexandra Village Food Centre,267953 Singapore
13342401411,1,13:34:24,14:19:24,60,60,Alexandra Village Food Centre,117439 Singapore
13344401412,1,13:34:44,14:19:44,60,60,Bukit Timah Market & Food Centre,673443 Singapore
13345101413,1,13:34:51,14:19:51,60,60,Bukit Timah Market & Food Centre,678267 Singapore
13350601414,1,13:35:06,14:20:06,60,60,Bukit Timah Market & Food Centre,288353 Singapore
13351001415,1,13:35:10,14:20:10,60,60,Alexandra Village Food Centre,138638 Singapore
13354301416,1,13:35:43,14:20:43,60,60,Ghim Moh Market & Food Centre,269611 Singapore
13361801417,1,13:36:18,14:21:18,60,60,Bukit Timah Market & Food Centre,651447 Singapore
13363201418,1,13:36:32,14:21:32,60,60,Ghim Moh Market & Food Centre,134028 Singapore
13375701419,1,13:37:57,14:22:57,60,60,Bukit Timah Market & Food Centre,669559 Singapore
13380901420,1,13:38:09,14:23:09,60,60,Alexandra Village Food Centre,277459 Singapore
13381501421,1,13:38:15,14:23:15,60,60,Alexandra Village Food Centre,269187 Singapore
13383601422,1,13:38:36,14:23:36,60,60,Bukit Timah Market & Food Centre,276698 Singapore
13390501423,1,13:39:05,14:24:05,60,60,Bukit Timah Market & Food Centre,670218 Singapore
13403601424,1,13:40:36,14:25:36,60,60,Bukit Timah Market & Food Centre,659445 Singapore
13403701425,1,13:40:37,14:25:37,60,60,Ghim Moh Market & Food Centre,120349 Singapore
13404101426,1,13:40:41,14:25:41,60,60,Alexandra Village Food Centre,270019 Singapore
13404501427,1,13:40:45,14:25:45,60,60,Alexandra Village Food Centre,140056 Singapore
13411501428,1,13:41:15,14:26:15,60,60,Bukit Timah Market & Food Centre,269573 Singapore
13415201429,1,13:41:52,14:26:52,60,60,Ghim Moh Market & Food Centre,149739 Singapore
13420301430,1,13:42:03,14:27:03,60,60,Alexandra Village Food Centre,129960 Singapore
13420901431,1,13:42:09,14:27:09,60,60,Alexandra Village Food Centre,298069 Singapore
13431601432,1,13:43:16,14:28:16,60,60,Bukit Timah Market & Food Centre,258853 Singapore
13434101433,1,13:43:41,14:28:41,60,60,Bukit Timah Market & Food Centre,650244 Singapore
13441201434,1,13:44:12,14:29:12,60,60,Ghim Moh Market & Food Centre,138614 Singapore
13451301435,1,13:45:13,14:30:13,60,60,Alexandra Village Food Centre,118719 Singapore
13462201436,1,13:46:22,14:31:22,60,60,Ghim Moh Market & Food Centre,118635 Singapore
13473101437,1,13:47:31,14:32:31,60,60,Bukit Timah Market & Food Centre,650122 Singapore
13474701438,1,13:47:47,14:32:47,60,60,Bukit Timah Market & Food Centre,287024 Singapore
13482801439,1,13:48:28,14:33:28,60,60,Alexandra Village Food Centre,266224 Singapore
13485701440,1,13:48:57,14:33:57,60,60,Alexandra Village Food Centre,138507 Singapore
13493701441,1,13:49:37,14:34:37,60,60,Alexandra Village Food Centre,138678 Singapore
13500301442,1,13:50:03,14:35:03,60,60,Bukit Timah Market & Food Centre,653291 Singapore
13502301443,1,13:50:23,14:35:23,60,60,Alexandra Village Food Centre,142091 Singapore
13505601444,1,13:50:56,14:35:56,60,60,Alexandra Village Food Centre,119098 Singapore
13511901445,1,13:51:19,14:36:19,60,60,Bukit Timah Market & Food Centre,287390 Singapore
13513201446,1,13:51:32,14:36:32,60,60,Alexandra Village Food Centre,159022 Singapore
13513601447,1,13:51:36,14:36:36,60,60,Bukit Timah Market & Food Centre,279179 Singapore
13515401448,1,13:51:54,14:36:54,60,60,Ghim Moh Market & Food Centre,268761 Singapore
13530701449,1,13:53:07,14:38:07,60,60,Bukit Timah Market & Food Centre,266224 Singapore
13532401450,1,13:53:24,14:38:24,60,60,Bukit Timah Market & Food Centre,670216 Singapore
13543401451,1,13:54:34,14:39:34,60,60,Alexandra Village Food Centre,140094 Singapore
13550601452,1,13:55:06,14:40:06,60,60,Bukit Timah Market & Food Centre,669581 Singapore
13552801453,1,13:55:28,14:40:28,60,60,Alexandra Village Food Centre,260008 Singapore
13555601454,1,13:55:56,14:40:56,60,60,Alexandra Village Food Centre,129961 Singapore
13561701455,1,13:56:17,14:41:17,60,60,Bukit Timah Market & Food Centre,596229 Singapore
13562701456,1,13:56:27,14:41:27,60,60,Ghim Moh Market & Food Centre,276562 Singapore
13583001457,1,13:58:30,14:43:30,60,60,Alexandra Village Food Centre,128040 Singapore
13592201458,1,13:59:22,14:44:22,60,60,Bukit Timah Market & Food Centre,679522 Singapore
14001801459,1,14:00:18,14:45:18,60,60,Alexandra Village Food Centre,267955 Singapore
14004301460,1,14:00:43,14:45:43,60,60,Ghim Moh Market & Food Centre,144061 Singapore
14010001461,1,14:01:00,14:46:00,60,60,Ghim Moh Market & Food Centre,142050 Singapore
14013601462,1,14:01:36,14:46:36,60,60,Bukit Timah Market & Food Centre,276537 Singapore
14020101463,1,14:02:01,14:47:01,60,60,Alexandra Village Food Centre,267379 Singapore
14031301464,1,14:03:13,14:48:13,60,60,Ghim Moh Market & Food Centre,120461 Singapore
14032001465,1,14:03:20,14:48:20,60,60,Ghim Moh Market & Food Centre,127022 Singapore
14035601466,1,14:03:56,14:48:56,60,60,Bukit Timah Market & Food Centre,653288 Singapore
14035701467,1,14:03:57,14:48:57,60,60,Alexandra Village Food Centre,138638 Singapore
14042501468,1,14:04:25,14:49:25,60,60,Alexandra Village Food Centre,299089 Singapore
14051801469,1,14:05:18,14:50:18,60,60,Bukit Timah Market & Food Centre,598907 Singapore
14052101470,1,14:05:21,14:50:21,60,60,Alexandra Village Food Centre,120418 Singapore
14061601471,1,14:06:16,14:51:16,60,60,Alexandra Village Food Centre,118699 Singapore
14062101472,1,14:06:21,14:51:21,60,60,Bukit Timah Market & Food Centre,670163 Singapore
14064801473,1,14:06:48,14:51:48,60,60,Bukit Timah Market & Food Centre,596229 Singapore
14074201474,1,14:07:42,14:52:42,60,60,Alexandra Village Food Centre,279797 Singapore
14074501475,1,14:07:45,14:52:45,60,60,Alexandra Village Food Centre,149739 Singapore
14082201476,1,14:08:22,14:53:22,60,60,Alexandra Village Food Centre,141086 Singapore
14085501477,1,14:08:55,14:53:55,60,60,Bukit Timah Market & Food Centre,589628 Singapore
14101701478,1,14:10:17,14:55:17,60,60,Ghim Moh Market & Food Centre,275914 Singapore
14102001479,1,14:10:20,14:55:20,60,60,Alexandra Village Food Centre,268215 Singapore
14102001480,1,14:10:20,14:55:20,60,60,Ghim Moh Market & Food Centre,120113 Singapore
14105001481,1,14:10:50,14:55:50,60,60,Ghim Moh Market & Food Centre,140055 Singapore
14110801482,1,14:11:08,14:56:08,60,60,Ghim Moh Market & Food Centre,140055 Singapore
14114201483,1,14:11:42,14:56:42,60,60,Bukit Timah Market & Food Centre,670184 Singapore
14115201484,1,14:11:52,14:56:52,60,60,Ghim Moh Market & Food Centre,297953 Singapore
14120301485,1,14:12:03,14:57:03,60,60,Ghim Moh Market & Food Centre,596738 Singapore
14125801486,1,14:12:58,14:57:58,60,60,Bukit Timah Market & Food Centre,589488 Singapore
14140301487,1,14:14:03,14:59:03,60,60,Bukit Timah Market & Food Centre,667981 Singapore
14144101488,1,14:14:41,14:59:41,60,60,Ghim Moh Market & Food Centre,159028 Singapore
14162301489,1,14:16:23,15:01:23,60,60,Alexandra Village Food Centre,298021 Singapore
14174501490,1,14:17:45,15:02:45,60,60,Bukit Timah Market & Food Centre,653293 Singapore
14174701491,1,14:17:47,15:02:47,60,60,Alexandra Village Food Centre,149457 Singapore
14191501492,1,14:19:15,15:04:15,60,60,Alexandra Village Food Centre,159959 Singapore
14193601493,1,14:19:36,15:04:36,60,60,Alexandra Village Food Centre,270013 Singapore
14194601494,1,14:19:46,15:04:46,60,60,Bukit Timah Market & Food Centre,679522 Singapore
14200101495,1,14:20:01,15:05:01,60,60,Bukit Timah Market & Food Centre,269123 Singapore
14202901496,1,14:20:29,15:05:29,60,60,Ghim Moh Market & Food Centre,599204 Singapore
14203201497,1,14:20:32,15:05:32,60,60,Alexandra Village Food Centre,260004 Singapore
14204601498,1,14:20:46,15:05:46,60,60,Bukit Timah Market & Food Centre,651461 Singapore
14210701499,1,14:21:07,15:06:07,60,60,Ghim Moh Market & Food Centre,297955 Singapore
14210701500,1,14:21:07,15:06:07,60,60,Bukit Timah Market & Food Centre,670605 Singapore
14213001501,1,14:21:30,15:06:30,60,60,Alexandra Village Food Centre,126816 Singapore
14223901502,1,14:22:39,15:07:39,60,60,Bukit Timah Market & Food Centre,652194 Singapore
14224401503,1,14:22:44,15:07:44,60,60,Alexandra Village Food Centre,277549 Singapore
14225401504,1,14:22:54,15:07:54,60,60,Alexandra Village Food Centre,138684 Singapore
14230001505,1,14:23:00,15:08:00,60,60,Bukit Timah Market & Food Centre,596195 Singapore
14234701506,1,14:23:47,15:08:47,60,60,Bukit Timah Market & Food Centre,287534 Singapore
14243401507,1,14:24:34,15:09:34,60,60,Ghim Moh Market & Food Centre,140166 Singapore
14250801508,1,14:25:08,15:10:08,60,60,Bukit Timah Market & Food Centre,271008 Singapore
14261001509,1,14:26:10,15:11:10,60,60,Ghim Moh Market & Food Centre,120326 Singapore
14261701510,1,14:26:17,15:11:17,60,60,Bukit Timah Market & Food Centre,286708 Singapore
14263001511,1,14:26:30,15:11:30,60,60,Bukit Timah Market & Food Centre,596195 Singapore
14263401512,1,14:26:34,15:11:34,60,60,Ghim Moh Market & Food Centre,589660 Singapore
14271301513,1,14:27:13,15:12:13,60,60,Alexandra Village Food Centre,141086 Singapore
14272101514,1,14:27:21,15:12:21,60,60,Bukit Timah Market & Food Centre,650386 Singapore
14272801515,1,14:27:28,15:12:28,60,60,Alexandra Village Food Centre,138638 Singapore
14281301516,1,14:28:13,15:13:13,60,60,Bukit Timah Market & Food Centre,274018 Singapore
14283401517,1,14:28:34,15:13:34,60,60,Alexandra Village Food Centre,141094 Singapore
14285301518,1,14:28:53,15:13:53,60,60,Bukit Timah Market & Food Centre,670184 Singapore
14290701519,1,14:29:07,15:14:07,60,60,Bukit Timah Market & Food Centre,669610 Singapore
14300401520,1,14:30:04,15:15:04,60,60,Alexandra Village Food Centre,159456 Singapore
14301301521,1,14:30:13,15:15:13,60,60,Alexandra Village Food Centre,270040 Singapore
14305001522,1,14:30:50,15:15:50,60,60,Bukit Timah Market & Food Centre,598731 Singapore
14310001523,1,14:31:00,15:16:00,60,60,Ghim Moh Market & Food Centre,142050 Singapore
14313501524,1,14:31:35,15:16:35,60,60,Ghim Moh Market & Food Centre,287995 Singapore
14315901525,1,14:31:59,15:16:59,60,60,Bukit Timah Market & Food Centre,596744 Singapore
14325901526,1,14:32:59,15:17:59,60,60,Bukit Timah Market & Food Centre,667981 Singapore
14341401527,1,14:34:14,15:19:14,60,60,Bukit Timah Market & Food Centre,271003 Singapore
14342801528,1,14:34:28,15:19:28,60,60,Ghim Moh Market & Food Centre,287995 Singapore
14352101529,1,14:35:21,15:20:21,60,60,Alexandra Village Food Centre,128044 Singapore
14353501530,1,14:35:35,15:20:35,60,60,Alexandra Village Food Centre,149457 Singapore
14355001531,1,14:35:50,15:20:50,60,60,Bukit Timah Market & Food Centre,678948 Singapore
14362601532,1,14:36:26,15:21:26,60,60,Ghim Moh Market & Food Centre,269728 Singapore
14384101533,1,14:38:41,15:23:41,60,60,Ghim Moh Market & Food Centre,121312 Singapore
14392501534,1,14:39:25,15:24:25,60,60,Bukit Timah Market & Food Centre,670216 Singapore
14404601535,1,14:40:46,15:25:46,60,60,Alexandra Village Food Centre,129801 Singapore
14404601536,1,14:40:46,15:25:46,60,60,Bukit Timah Market & Food Centre,650320 Singapore
14413901537,1,14:41:39,15:26:39,60,60,Bukit Timah Market & Food Centre,670412 Singapore
14414001538,1,14:41:40,15:26:40,60,60,Bukit Timah Market & Food Centre,269116 Singapore
14421201539,1,14:42:12,15:27:12,60,60,Alexandra Village Food Centre,150118 Singapore
14423801540,1,14:42:38,15:27:38,60,60,Alexandra Village Food Centre,277116 Singapore
14455901541,1,14:45:59,15:30:59,60,60,Ghim Moh Market & Food Centre,138595 Singapore
14464501542,1,14:46:45,15:31:45,60,60,Bukit Timah Market & Food Centre,650361 Singapore
14465301543,1,14:46:53,15:31:53,60,60,Ghim Moh Market & Food Centre,589655 Singapore
14471801544,1,14:47:18,15:32:18,60,60,Bukit Timah Market & Food Centre,288383 Singapore
14473001545,1,14:47:30,15:32:30,60,60,Alexandra Village Food Centre,138638 Singapore
14473801546,1,14:47:38,15:32:38,60,60,Alexandra Village Food Centre,276693 Singapore
14473801547,1,14:47:38,15:32:38,60,60,Ghim Moh Market & Food Centre,130027 Singapore
14474501548,1,14:47:45,15:32:45,60,60,Alexandra Village Food Centre,128046 Singapore
14480601549,1,14:48:06,15:33:06,60,60,Alexandra Village Food Centre,271032 Singapore
14485001550,1,14:48:50,15:33:50,60,60,Ghim Moh Market & Food Centre,120303 Singapore
14491301551,1,14:49:13,15:34:13,60,60,Alexandra Village Food Centre,138678 Singapore
14492401552,1,14:49:24,15:34:24,60,60,Bukit Timah Market & Food Centre,589631 Singapore
14492601553,1,14:49:26,15:34:26,60,60,Bukit Timah Market & Food Centre,271003 Singapore
14495401554,1,14:49:54,15:34:54,60,60,Ghim Moh Market & Food Centre,591301 Singapore
14501501555,1,14:50:15,15:35:15,60,60,Bukit Timah Market & Food Centre,651293 Singapore
14511501556,1,14:51:15,15:36:15,60,60,Alexandra Village Food Centre,267612 Singapore
14511601557,1,14:51:16,15:36:16,60,60,Bukit Timah Market & Food Centre,678087 Singapore
14514001558,1,14:51:40,15:36:40,60,60,Alexandra Village Food Centre,279797 Singapore
14521001559,1,14:52:10,15:37:10,60,60,Bukit Timah Market & Food Centre,651447 Singapore
14523401560,1,14:52:34,15:37:34,60,60,Alexandra Village Food Centre,130003 Singapore
14524701561,1,14:52:47,15:37:47,60,60,Bukit Timah Market & Food Centre,650188 Singapore
14524901562,1,14:52:49,15:37:49,60,60,Ghim Moh Market & Food Centre,589632 Singapore
14534901563,1,14:53:49,15:38:49,60,60,Alexandra Village Food Centre,117423 Singapore
14534901564,1,14:53:49,15:38:49,60,60,Alexandra Village Food Centre,158744 Singapore
14540501565,1,14:54:05,15:39:05,60,60,Bukit Timah Market & Food Centre,650542 Singapore
14540701566,1,14:54:07,15:39:07,60,60,Bukit Timah Market & Food Centre,276649 Singapore
14541101567,1,14:54:11,15:39:11,60,60,Alexandra Village Food Centre,149739 Singapore
14555401568,1,14:55:54,15:40:54,60,60,Alexandra Village Food Centre,141095 Singapore
14561001569,1,14:56:10,15:41:10,60,60,Alexandra Village Food Centre,149739 Singapore
14562201570,1,14:56:22,15:41:22,60,60,Bukit Timah Market & Food Centre,598681 Singapore
14562301571,1,14:56:23,15:41:23,60,60,Ghim Moh Market & Food Centre,140165 Singapore
14574101572,1,14:57:41,15:42:41,60,60,Alexandra Village Food Centre,118136 Singapore
14574501573,1,14:57:45,15:42:45,60,60,Alexandra Village Food Centre,149740 Singapore
14575201574,1,14:57:52,15:42:52,60,60,Alexandra Village Food Centre,138638 Singapore
14575401575,1,14:57:54,15:42:54,60,60,Bukit Timah Market & Food Centre,653293 Singapore
14582301576,1,14:58:23,15:43:23,60,60,Ghim Moh Market & Food Centre,149739 Singapore
14583601577,1,14:58:36,15:43:36,60,60,Alexandra Village Food Centre,138638 Singapore
14591201578,1,14:59:12,15:44:12,60,60,Bukit Timah Market & Food Centre,271003 Singapore
14591701579,1,14:59:17,15:44:17,60,60,Ghim Moh Market & Food Centre,119520 Singapore
14594601580,1,14:59:46,15:44:46,60,60,Alexandra Village Food Centre,271022 Singapore
15000201581,1,15:00:02,15:45:02,60,60,Bukit Timah Market & Food Centre,271022 Singapore
15000801582,1,15:00:08,15:45:08,60,60,Bukit Timah Market & Food Centre,289851 Singapore
15004501583,1,15:00:45,15:45:45,60,60,Bukit Timah Market & Food Centre,653460 Singapore
15013001584,1,15:01:30,15:46:30,60,60,Alexandra Village Food Centre,141052 Singapore
15021401585,1,15:02:14,15:47:14,60,60,Bukit Timah Market & Food Centre,659801 Singapore
15032501586,1,15:03:25,15:48:25,60,60,Bukit Timah Market & Food Centre,260008 Singapore
15033101587,1,15:03:31,15:48:31,60,60,Alexandra Village Food Centre,159026 Singapore
15043201588,1,15:04:32,15:49:32,60,60,Alexandra Village Food Centre,140064 Singapore
15043401589,1,15:04:34,15:49:34,60,60,Alexandra Village Food Centre,142090 Singapore
15043501590,1,15:04:35,15:49:35,60,60,Bukit Timah Market & Food Centre,598741 Singapore
15044101591,1,15:04:41,15:49:41,60,60,Bukit Timah Market & Food Centre,589484 Singapore
15045701592,1,15:04:57,15:49:57,60,60,Bukit Timah Market & Food Centre,589488 Singapore
15052001593,1,15:05:20,15:50:20,60,60,Ghim Moh Market & Food Centre,122312 Singapore
15060201594,1,15:06:02,15:51:02,60,60,Bukit Timah Market & Food Centre,670605 Singapore
15065101595,1,15:06:51,15:51:51,60,60,Alexandra Village Food Centre,149739 Singapore
15073001596,1,15:07:30,15:52:30,60,60,Alexandra Village Food Centre,120414 Singapore
15073601597,1,15:07:36,15:52:36,60,60,Alexandra Village Food Centre,141079 Singapore
15074301598,1,15:07:43,15:52:43,60,60,Alexandra Village Food Centre,159553 Singapore
15082801599,1,15:08:28,15:53:28,60,60,Alexandra Village Food Centre,128036 Singapore
15083101600,1,15:08:31,15:53:31,60,60,Ghim Moh Market & Food Centre,131028 Singapore
15095101601,1,15:09:51,15:54:51,60,60,Bukit Timah Market & Food Centre,598738 Singapore
15100101602,1,15:10:01,15:55:01,60,60,Bukit Timah Market & Food Centre,679140 Singapore
15100601603,1,15:10:06,15:55:06,60,60,Alexandra Village Food Centre,278698 Singapore
15102801604,1,15:10:28,15:55:28,60,60,Bukit Timah Market & Food Centre,677728 Singapore
15111601605,1,15:11:16,15:56:16,60,60,Bukit Timah Market & Food Centre,287024 Singapore
15112901606,1,15:11:29,15:56:29,60,60,Bukit Timah Market & Food Centre,596266 Singapore
15115401607,1,15:11:54,15:56:54,60,60,Alexandra Village Food Centre,267953 Singapore
15120601608,1,15:12:06,15:57:06,60,60,Bukit Timah Market & Food Centre,598681 Singapore
15125301609,1,15:12:53,15:57:53,60,60,Bukit Timah Market & Food Centre,669012 Singapore
15125701610,1,15:12:57,15:57:57,60,60,Ghim Moh Market & Food Centre,119554 Singapore
15131001611,1,15:13:10,15:58:10,60,60,Bukit Timah Market & Food Centre,259281 Singapore
15134001612,1,15:13:40,15:58:40,60,60,Ghim Moh Market & Food Centre,142062 Singapore
15134201613,1,15:13:42,15:58:42,60,60,Alexandra Village Food Centre,140051 Singapore
15152501614,1,15:15:25,16:00:25,60,60,Ghim Moh Market & Food Centre,120416 Singapore
15162301615,1,15:16:23,16:01:23,60,60,Bukit Timah Market & Food Centre,679668 Singapore
15172701616,1,15:17:27,16:02:27,60,60,Ghim Moh Market & Food Centre,120338 Singapore
15180701617,1,15:18:07,16:03:07,60,60,Bukit Timah Market & Food Centre,589656 Singapore
15182401618,1,15:18:24,16:03:24,60,60,Ghim Moh Market & Food Centre,120708 Singapore
15182401619,1,15:18:24,16:03:24,60,60,Ghim Moh Market & Food Centre,287913 Singapore
15183801620,1,15:18:38,16:03:38,60,60,Ghim Moh Market & Food Centre,126779 Singapore
15185401621,1,15:18:54,16:03:54,60,60,Ghim Moh Market & Food Centre,120113 Singapore
15185701622,1,15:18:57,16:03:57,60,60,Ghim Moh Market & Food Centre,589632 Singapore
15185901623,1,15:18:59,16:03:59,60,60,Alexandra Village Food Centre,270019 Singapore
15205901624,1,15:20:59,16:05:59,60,60,Alexandra Village Food Centre,150118 Singapore
15210301625,1,15:21:03,16:06:03,60,60,Bukit Timah Market & Food Centre,650304 Singapore
15210401626,1,15:21:04,16:06:04,60,60,Alexandra Village Food Centre,275789 Singapore
15210901627,1,15:21:09,16:06:09,60,60,Bukit Timah Market & Food Centre,587841 Singapore
15213901628,1,15:21:39,16:06:39,60,60,Bukit Timah Market & Food Centre,266782 Singapore
15215201629,1,15:21:52,16:06:52,60,60,Alexandra Village Food Centre,141086 Singapore
15215301630,1,15:21:53,16:06:53,60,60,Bukit Timah Market & Food Centre,679522 Singapore
15223001631,1,15:22:30,16:07:30,60,60,Bukit Timah Market & Food Centre,279883 Singapore
15224801632,1,15:22:48,16:07:48,60,60,Ghim Moh Market & Food Centre,143061 Singapore
15225101633,1,15:22:51,16:07:51,60,60,Bukit Timah Market & Food Centre,266621 Singapore
15225801634,1,15:22:58,16:07:58,60,60,Ghim Moh Market & Food Centre,276692 Singapore
15230701635,1,15:23:07,16:08:07,60,60,Alexandra Village Food Centre,140053 Singapore
15235801636,1,15:23:58,16:08:58,60,60,Bukit Timah Market & Food Centre,267671 Singapore
15253401637,1,15:25:34,16:10:34,60,60,Ghim Moh Market & Food Centre,299204 Singapore
15253601638,1,15:25:36,16:10:36,60,60,Alexandra Village Food Centre,287390 Singapore
15261801639,1,15:26:18,16:11:18,60,60,Alexandra Village Food Centre,149457 Singapore
15263701640,1,15:26:37,16:11:37,60,60,Alexandra Village Food Centre,142050 Singapore
15264601641,1,15:26:46,16:11:46,60,60,Bukit Timah Market & Food Centre,597631 Singapore
15265101642,1,15:26:51,16:11:51,60,60,Ghim Moh Market & Food Centre,140171 Singapore
15274801643,1,15:27:48,16:12:48,60,60,Bukit Timah Market & Food Centre,270013 Singapore
15280801644,1,15:28:08,16:13:08,60,60,Alexandra Village Food Centre,267612 Singapore
15284901645,1,15:28:49,16:13:49,60,60,Ghim Moh Market & Food Centre,267954 Singapore
15291501646,1,15:29:15,16:14:15,60,60,Alexandra Village Food Centre,138614 Singapore
15303501647,1,15:30:35,16:15:35,60,60,Ghim Moh Market & Food Centre,267341 Singapore
15311701648,1,15:31:17,16:16:17,60,60,Alexandra Village Food Centre,117687 Singapore
15311901649,1,15:31:19,16:16:19,60,60,Alexandra Village Food Centre,148955 Singapore
15315401650,1,15:31:54,16:16:54,60,60,Bukit Timah Market & Food Centre,598721 Singapore
15320601651,1,15:32:06,16:17:06,60,60,Bukit Timah Market & Food Centre,289126 Singapore
15320901652,1,15:32:09,16:17:09,60,60,Ghim Moh Market & Food Centre,587857 Singapore
15321001653,1,15:32:10,16:17:10,60,60,Alexandra Village Food Centre,143061 Singapore
15333301654,1,15:33:33,16:18:33,60,60,Alexandra Village Food Centre,149739 Singapore
15333501655,1,15:33:35,16:18:35,60,60,Ghim Moh Market & Food Centre,150118 Singapore
15341201656,1,15:34:12,16:19:12,60,60,Alexandra Village Food Centre,298069 Singapore
15341201657,1,15:34:12,16:19:12,60,60,Bukit Timah Market & Food Centre,278903 Singapore
15343801658,1,15:34:38,16:19:38,60,60,Bukit Timah Market & Food Centre,272030 Singapore
15345101659,1,15:34:51,16:19:51,60,60,Ghim Moh Market & Food Centre,149457 Singapore
15345601660,1,15:34:56,16:19:56,60,60,Alexandra Village Food Centre,141090 Singapore
15355801661,1,15:35:58,16:20:58,60,60,Alexandra Village Food Centre,138678 Singapore
15355901662,1,15:35:59,16:20:59,60,60,Bukit Timah Market & Food Centre,589631 Singapore
15362801663,1,15:36:28,16:21:28,60,60,Ghim Moh Market & Food Centre,276300 Singapore
15364601664,1,15:36:46,16:21:46,60,60,Bukit Timah Market & Food Centre,679695 Singapore
15364901665,1,15:36:49,16:21:49,60,60,Alexandra Village Food Centre,150118 Singapore
15375801666,1,15:37:58,16:22:58,60,60,Bukit Timah Market & Food Centre,670180 Singapore
15384701667,1,15:38:47,16:23:47,60,60,Ghim Moh Market & Food Centre,140048 Singapore
15394701668,1,15:39:47,16:24:47,60,60,Alexandra Village Food Centre,279809 Singapore
15403101669,1,15:40:31,16:25:31,60,60,Alexandra Village Food Centre,140065 Singapore
15410201670,1,15:41:02,16:26:02,60,60,Bukit Timah Market & Food Centre,272009 Singapore
15411801671,1,15:41:18,16:26:18,60,60,Bukit Timah Market & Food Centre,598735 Singapore
15414301672,1,15:41:43,16:26:43,60,60,Bukit Timah Market & Food Centre,651453 Singapore
15423601673,1,15:42:36,16:27:36,60,60,Ghim Moh Market & Food Centre,260006 Singapore
15425301674,1,15:42:53,16:27:53,60,60,Bukit Timah Market & Food Centre,276698 Singapore
15430201675,1,15:43:02,16:28:02,60,60,Alexandra Village Food Centre,272018 Singapore
15431801676,1,15:43:18,16:28:18,60,60,Alexandra Village Food Centre,299334 Singapore
15432801677,1,15:43:28,16:28:28,60,60,Bukit Timah Market & Food Centre,679695 Singapore
15432901678,1,15:43:29,16:28:29,60,60,Alexandra Village Food Centre,138638 Singapore
15434901679,1,15:43:49,16:28:49,60,60,Bukit Timah Market & Food Centre,659636 Singapore
15444401680,1,15:44:44,16:29:44,60,60,Alexandra Village Food Centre,149456 Singapore
15445601681,1,15:44:56,16:29:56,60,60,Alexandra Village Food Centre,267660 Singapore
15455201682,1,15:45:52,16:30:52,60,60,Ghim Moh Market & Food Centre,276698 Singapore
15455501683,1,15:45:55,16:30:55,60,60,Ghim Moh Market & Food Centre,268908 Singapore
15460101684,1,15:46:01,16:31:01,60,60,Bukit Timah Market & Food Centre,650361 Singapore
15463701685,1,15:46:37,16:31:37,60,60,Ghim Moh Market & Food Centre,299360 Singapore
15465001686,1,15:46:50,16:31:50,60,60,Bukit Timah Market & Food Centre,271031 Singapore
15470201687,1,15:47:02,16:32:02,60,60,Alexandra Village Food Centre,275018 Singapore
15470501688,1,15:47:05,16:32:05,60,60,Ghim Moh Market & Food Centre,288916 Singapore
15470601689,1,15:47:06,16:32:06,60,60,Ghim Moh Market & Food Centre,138562 Singapore
15471201690,1,15:47:12,16:32:12,60,60,Ghim Moh Market & Food Centre,589641 Singapore
15471601691,1,15:47:16,16:32:16,60,60,Ghim Moh Market & Food Centre,270027 Singapore
15473001692,1,15:47:30,16:32:30,60,60,Alexandra Village Food Centre,149456 Singapore
15483801693,1,15:48:38,16:33:38,60,60,Bukit Timah Market & Food Centre,670107 Singapore
15484601694,1,15:48:46,16:33:46,60,60,Bukit Timah Market & Food Centre,650542 Singapore
15491701695,1,15:49:17,16:34:17,60,60,Bukit Timah Market & Food Centre,652296 Singapore
15491701696,1,15:49:17,16:34:17,60,60,Bukit Timah Market & Food Centre,658882 Singapore
15500101697,1,15:50:01,16:35:01,60,60,Ghim Moh Market & Food Centre,267935 Singapore
15500301698,1,15:50:03,16:35:03,60,60,Bukit Timah Market & Food Centre,287390 Singapore
15502101699,1,15:50:21,16:35:21,60,60,Alexandra Village Food Centre,159053 Singapore
15503001700,1,15:50:30,16:35:30,60,60,Alexandra Village Food Centre,141052 Singapore
15512101701,1,15:51:21,16:36:21,60,60,Alexandra Village Food Centre,149598 Singapore
15512901702,1,15:51:29,16:36:29,60,60,Bukit Timah Market & Food Centre,277810 Singapore
15513201703,1,15:51:32,16:36:32,60,60,Alexandra Village Food Centre,138638 Singapore
15513701704,1,15:51:37,16:36:37,60,60,Bukit Timah Market & Food Centre,259281 Singapore
15513801705,1,15:51:38,16:36:38,60,60,Alexandra Village Food Centre,269608 Singapore
15515101706,1,15:51:51,16:36:51,60,60,Alexandra Village Food Centre,271006 Singapore
15515401707,1,15:51:54,16:36:54,60,60,Bukit Timah Market & Food Centre,288353 Singapore
15522201708,1,15:52:22,16:37:22,60,60,Bukit Timah Market & Food Centre,652290 Singapore
15522701709,1,15:52:27,16:37:27,60,60,Bukit Timah Market & Food Centre,593001 Singapore
15523601710,1,15:52:36,16:37:36,60,60,Ghim Moh Market & Food Centre,266242 Singapore
15523701711,1,15:52:37,16:37:37,60,60,Alexandra Village Food Centre,150118 Singapore
15525901712,1,15:52:59,16:37:59,60,60,Alexandra Village Food Centre,149740 Singapore
15530001713,1,15:53:00,16:38:00,60,60,Bukit Timah Market & Food Centre,650304 Singapore
15530801714,1,15:53:08,16:38:08,60,60,Alexandra Village Food Centre,150118 Singapore
15532001715,1,15:53:20,16:38:20,60,60,Bukit Timah Market & Food Centre,659801 Singapore
15533601716,1,15:53:36,16:38:36,60,60,Alexandra Village Food Centre,141081 Singapore
15534101717,1,15:53:41,16:38:41,60,60,Bukit Timah Market & Food Centre,669012 Singapore
15541201718,1,15:54:12,16:39:12,60,60,Bukit Timah Market & Food Centre,258853 Singapore
15552601719,1,15:55:26,16:40:26,60,60,Alexandra Village Food Centre,266224 Singapore
15553401720,1,15:55:34,16:40:34,60,60,Bukit Timah Market & Food Centre,587978 Singapore
15555601721,1,15:55:56,16:40:56,60,60,Bukit Timah Market & Food Centre,589484 Singapore
15563101722,1,15:56:31,16:41:31,60,60,Ghim Moh Market & Food Centre,269197 Singapore
15563201723,1,15:56:32,16:41:32,60,60,Alexandra Village Food Centre,117674 Singapore
15564601724,1,15:56:46,16:41:46,60,60,Alexandra Village Food Centre,117686 Singapore
15571101725,1,15:57:11,16:42:11,60,60,Alexandra Village Food Centre,270013 Singapore
15572901726,1,15:57:29,16:42:29,60,60,Ghim Moh Market & Food Centre,596741 Singapore
15575001727,1,15:57:50,16:42:50,60,60,Bukit Timah Market & Food Centre,657977 Singapore
15575201728,1,15:57:52,16:42:52,60,60,Bukit Timah Market & Food Centre,287532 Singapore
15581101729,1,15:58:11,16:43:11,60,60,Alexandra Village Food Centre,278698 Singapore
15581301730,1,15:58:13,16:43:13,60,60,Alexandra Village Food Centre,138638 Singapore
15582201731,1,15:58:22,16:43:22,60,60,Alexandra Village Food Centre,138601 Singapore
15582801732,1,15:58:28,16:43:28,60,60,Alexandra Village Food Centre,278731 Singapore
15583001733,1,15:58:30,16:43:30,60,60,Alexandra Village Food Centre,142061 Singapore
15583501734,1,15:58:35,16:43:35,60,60,Alexandra Village Food Centre,299852 Singapore
15583701735,1,15:58:37,16:43:37,60,60,Ghim Moh Market & Food Centre,159028 Singapore
15585401736,1,15:58:54,16:43:54,60,60,Bukit Timah Market & Food Centre,276308 Singapore
15590001737,1,15:59:00,16:44:00,60,60,Ghim Moh Market & Food Centre,142050 Singapore
15590701738,1,15:59:07,16:44:07,60,60,Bukit Timah Market & Food Centre,277054 Singapore
15595901739,1,15:59:59,16:44:59,60,60,Bukit Timah Market & Food Centre,269123 Singapore
16002001740,1,16:00:20,16:45:20,60,60,Bukit Timah Market & Food Centre,589631 Singapore
16004701741,1,16:00:47,16:45:47,60,60,Ghim Moh Market & Food Centre,142032 Singapore
16012301742,1,16:01:23,16:46:23,60,60,Alexandra Village Food Centre,149739 Singapore
16013801743,1,16:01:38,16:46:38,60,60,Bukit Timah Market & Food Centre,678274 Singapore
16031201744,1,16:03:12,16:48:12,60,60,Alexandra Village Food Centre,159026 Singapore
16032301745,1,16:03:23,16:48:23,60,60,Alexandra Village Food Centre,138687 Singapore
16033801746,1,16:03:38,16:48:38,60,60,Bukit Timah Market & Food Centre,259251 Singapore
16034601747,1,16:03:46,16:48:46,60,60,Alexandra Village Food Centre,268836 Singapore
16034901748,1,16:03:49,16:48:49,60,60,Bukit Timah Market & Food Centre,275018 Singapore
16040701749,1,16:04:07,16:49:07,60,60,Ghim Moh Market & Food Centre,138678 Singapore
16040901750,1,16:04:09,16:49:09,60,60,Alexandra Village Food Centre,159104 Singapore
16043201751,1,16:04:32,16:49:32,60,60,Alexandra Village Food Centre,118136 Singapore
16050901752,1,16:05:09,16:50:09,60,60,Bukit Timah Market & Food Centre,669559 Singapore
16051401753,1,16:05:14,16:50:14,60,60,Alexandra Village Food Centre,140056 Singapore
16052901754,1,16:05:29,16:50:29,60,60,Bukit Timah Market & Food Centre,588676 Singapore
16055801755,1,16:05:58,16:50:58,60,60,Alexandra Village Food Centre,138678 Singapore
16061601756,1,16:06:16,16:51:16,60,60,Bukit Timah Market & Food Centre,598735 Singapore
16063101757,1,16:06:31,16:51:31,60,60,Alexandra Village Food Centre,149457 Singapore
16065201758,1,16:06:52,16:51:52,60,60,Ghim Moh Market & Food Centre,598368 Singapore
16065201759,1,16:06:52,16:51:52,60,60,Alexandra Village Food Centre,120425 Singapore
16065501760,1,16:06:55,16:51:55,60,60,Alexandra Village Food Centre,140064 Singapore
16072901761,1,16:07:29,16:52:29,60,60,Bukit Timah Market & Food Centre,272018 Singapore
16073601762,1,16:07:36,16:52:36,60,60,Bukit Timah Market & Food Centre,598738 Singapore
16080701763,1,16:08:07,16:53:07,60,60,Alexandra Village Food Centre,142091 Singapore
16081401764,1,16:08:14,16:53:14,60,60,Alexandra Village Food Centre,140048 Singapore
16083401765,1,16:08:34,16:53:34,60,60,Bukit Timah Market & Food Centre,596195 Singapore
16083901766,1,16:08:39,16:53:39,60,60,Ghim Moh Market & Food Centre,120416 Singapore
16091001767,1,16:09:10,16:54:10,60,60,Alexandra Village Food Centre,289900 Singapore
16093101768,1,16:09:31,16:54:31,60,60,Bukit Timah Market & Food Centre,596183 Singapore
16093601769,1,16:09:36,16:54:36,60,60,Bukit Timah Market & Food Centre,679695 Singapore
16103701770,1,16:10:37,16:55:37,60,60,Bukit Timah Market & Food Centre,258853 Singapore
16103901771,1,16:10:39,16:55:39,60,60,Ghim Moh Market & Food Centre,148959 Singapore
16114801772,1,16:11:48,16:56:48,60,60,Bukit Timah Market & Food Centre,299709 Singapore
16115101773,1,16:11:51,16:56:51,60,60,Ghim Moh Market & Food Centre,117481 Singapore
16115201774,1,16:11:52,16:56:52,60,60,Ghim Moh Market & Food Centre,266795 Singapore
16120001775,1,16:12:00,16:57:00,60,60,Bukit Timah Market & Food Centre,679038 Singapore
16121501776,1,16:12:15,16:57:15,60,60,Alexandra Village Food Centre,150118 Singapore
16122201777,1,16:12:22,16:57:22,60,60,Bukit Timah Market & Food Centre,289158 Singapore
16122301778,1,16:12:23,16:57:23,60,60,Bukit Timah Market & Food Centre,670218 Singapore
16132201779,1,16:13:22,16:58:22,60,60,Bukit Timah Market & Food Centre,597653 Singapore
16133901780,1,16:13:39,16:58:39,60,60,Alexandra Village Food Centre,266217 Singapore
16142201781,1,16:14:22,16:59:22,60,60,Bukit Timah Market & Food Centre,653296 Singapore
16144801782,1,16:14:48,16:59:48,60,60,Alexandra Village Food Centre,139964 Singapore
16145801783,1,16:14:58,16:59:58,60,60,Alexandra Village Food Centre,140171 Singapore
16151101784,1,16:15:11,17:00:11,60,60,Bukit Timah Market & Food Centre,671259 Singapore
16152801785,1,16:15:28,17:00:28,60,60,Bukit Timah Market & Food Centre,670216 Singapore
16153601786,1,16:15:36,17:00:36,60,60,Bukit Timah Market & Food Centre,670216 Singapore
16162601787,1,16:16:26,17:01:26,60,60,Bukit Timah Market & Food Centre,289126 Singapore
16163601788,1,16:16:36,17:01:36,60,60,Alexandra Village Food Centre,120416 Singapore
16164301789,1,16:16:43,17:01:43,60,60,Bukit Timah Market & Food Centre,653448 Singapore
16165201790,1,16:16:52,17:01:52,60,60,Ghim Moh Market & Food Centre,139350 Singapore
16172601791,1,16:17:26,17:02:26,60,60,Ghim Moh Market & Food Centre,288408 Singapore
16173101792,1,16:17:31,17:02:31,60,60,Alexandra Village Food Centre,140082 Singapore
16174001793,1,16:17:40,17:02:40,60,60,Bukit Timah Market & Food Centre,276308 Singapore
16182801794,1,16:18:28,17:03:28,60,60,Ghim Moh Market & Food Centre,276562 Singapore
16185401795,1,16:18:54,17:03:54,60,60,Bukit Timah Market & Food Centre,597090 Singapore
16191901796,1,16:19:19,17:04:19,60,60,Ghim Moh Market & Food Centre,267955 Singapore
16192501797,1,16:19:25,17:04:25,60,60,Alexandra Village Food Centre,278731 Singapore
16193601798,1,16:19:36,17:04:36,60,60,Bukit Timah Market & Food Centre,650267 Singapore
16194401799,1,16:19:44,17:04:44,60,60,Ghim Moh Market & Food Centre,271032 Singapore
16200001800,1,16:20:00,17:05:00,60,60,Ghim Moh Market & Food Centre,277051 Singapore
16203201801,1,16:20:32,17:05:32,60,60,Bukit Timah Market & Food Centre,679973 Singapore
16204601802,1,16:20:46,17:05:46,60,60,Ghim Moh Market & Food Centre,598368 Singapore
16205101803,1,16:20:51,17:05:51,60,60,Bukit Timah Market & Food Centre,589656 Singapore
16220201804,1,16:22:02,17:07:02,60,60,Alexandra Village Food Centre,138638 Singapore
16220301805,1,16:22:03,17:07:03,60,60,Ghim Moh Market & Food Centre,120514 Singapore
16222901806,1,16:22:29,17:07:29,60,60,Alexandra Village Food Centre,138567 Singapore
16231001807,1,16:23:10,17:08:10,60,60,Bukit Timah Market & Food Centre,679695 Singapore
16235701808,1,16:23:57,17:08:57,60,60,Bukit Timah Market & Food Centre,269196 Singapore
16243201809,1,16:24:32,17:09:32,60,60,Alexandra Village Food Centre,118108 Singapore
16244901810,1,16:24:49,17:09:49,60,60,Alexandra Village Food Centre,117494 Singapore
16245901811,1,16:24:59,17:09:59,60,60,Alexandra Village Food Centre,150118 Singapore
16250201812,1,16:25:02,17:10:02,60,60,Alexandra Village Food Centre,130013 Singapore
16251101813,1,16:25:11,17:10:11,60,60,Ghim Moh Market & Food Centre,127717 Singapore
16251201814,1,16:25:12,17:10:12,60,60,Bukit Timah Market & Food Centre,589652 Singapore
16251501815,1,16:25:15,17:10:15,60,60,Alexandra Village Food Centre,138637 Singapore
16254301816,1,16:25:43,17:10:43,60,60,Bukit Timah Market & Food Centre,670216 Singapore
16254401817,1,16:25:44,17:10:44,60,60,Alexandra Village Food Centre,269015 Singapore
16260701818,1,16:26:07,17:11:07,60,60,Alexandra Village Food Centre,277458 Singapore
16261901819,1,16:26:19,17:11:19,60,60,Alexandra Village Food Centre,141087 Singapore
16270701820,1,16:27:07,17:12:07,60,60,Bukit Timah Market & Food Centre,651467 Singapore
16271801821,1,16:27:18,17:12:18,60,60,Ghim Moh Market & Food Centre,289306 Singapore
16272501822,1,16:27:25,17:12:25,60,60,Alexandra Village Food Centre,142091 Singapore
16272701823,1,16:27:27,17:12:27,60,60,Bukit Timah Market & Food Centre,667981 Singapore
16272901824,1,16:27:29,17:12:29,60,60,Bukit Timah Market & Food Centre,670236 Singapore
16273701825,1,16:27:37,17:12:37,60,60,Alexandra Village Food Centre,270040 Singapore
16283701826,1,16:28:37,17:13:37,60,60,Bukit Timah Market & Food Centre,276543 Singapore
16285401827,1,16:28:54,17:13:54,60,60,Bukit Timah Market & Food Centre,269735 Singapore
16285801828,1,16:28:58,17:13:58,60,60,Bukit Timah Market & Food Centre,279883 Singapore
16291101829,1,16:29:11,17:14:11,60,60,Bukit Timah Market & Food Centre,670107 Singapore
16292601830,1,16:29:26,17:14:26,60,60,Alexandra Village Food Centre,118136 Singapore
16293401831,1,16:29:34,17:14:34,60,60,Alexandra Village Food Centre,140184 Singapore
16294901832,1,16:29:49,17:14:49,60,60,Bukit Timah Market & Food Centre,652290 Singapore
16300001833,1,16:30:00,17:15:00,60,60,Ghim Moh Market & Food Centre,144091 Singapore
16300201834,1,16:30:02,17:15:02,60,60,Ghim Moh Market & Food Centre,271002 Singapore
16300301835,1,16:30:03,17:15:03,60,60,Bukit Timah Market & Food Centre,659245 Singapore
16300501836,1,16:30:05,17:15:05,60,60,Bukit Timah Market & Food Centre,652449 Singapore
16301401837,1,16:30:14,17:15:14,60,60,Alexandra Village Food Centre,119791 Singapore
16301901838,1,16:30:19,17:15:19,60,60,Ghim Moh Market & Food Centre,118136 Singapore
16304301839,1,16:30:43,17:15:43,60,60,Ghim Moh Market & Food Centre,126753 Singapore
16304401840,1,16:30:44,17:15:44,60,60,Alexandra Village Food Centre,288408 Singapore
16310001841,1,16:31:00,17:16:00,60,60,Bukit Timah Market & Food Centre,271031 Singapore
16311001842,1,16:31:10,17:16:10,60,60,Ghim Moh Market & Food Centre,122445 Singapore
16311101843,1,16:31:11,17:16:11,60,60,Ghim Moh Market & Food Centre,141087 Singapore
16311301844,1,16:31:13,17:16:13,60,60,Alexandra Village Food Centre,143061 Singapore
16314001845,1,16:31:40,17:16:40,60,60,Bukit Timah Market & Food Centre,587841 Singapore
16314901846,1,16:31:49,17:16:49,60,60,Bukit Timah Market & Food Centre,678274 Singapore
16314901847,1,16:31:49,17:16:49,60,60,Ghim Moh Market & Food Centre,267954 Singapore
16315301848,1,16:31:53,17:16:53,60,60,Bukit Timah Market & Food Centre,266242 Singapore
16320001849,1,16:32:00,17:17:00,60,60,Bukit Timah Market & Food Centre,598731 Singapore
16322601850,1,16:32:26,17:17:26,60,60,Bukit Timah Market & Food Centre,650404 Singapore
16322601851,1,16:32:26,17:17:26,60,60,Bukit Timah Market & Food Centre,271003 Singapore
16322801852,1,16:32:28,17:17:28,60,60,Bukit Timah Market & Food Centre,266338 Singapore
16323401853,1,16:32:34,17:17:34,60,60,Bukit Timah Market & Food Centre,670236 Singapore
16323401854,1,16:32:34,17:17:34,60,60,Ghim Moh Market & Food Centre,589652 Singapore
16325701855,1,16:32:57,17:17:57,60,60,Ghim Moh Market & Food Centre,159026 Singapore
16331601856,1,16:33:16,17:18:16,60,60,Alexandra Village Food Centre,277107 Singapore
16332201857,1,16:33:22,17:18:22,60,60,Alexandra Village Food Centre,275018 Singapore
16332501858,1,16:33:25,17:18:25,60,60,Alexandra Village Food Centre,120418 Singapore
16335601859,1,16:33:56,17:18:56,60,60,Alexandra Village Food Centre,120603 Singapore
16335801860,1,16:33:58,17:18:58,60,60,Bukit Timah Market & Food Centre,659244 Singapore
16342401861,1,16:34:24,17:19:24,60,60,Bukit Timah Market & Food Centre,589656 Singapore
16342601862,1,16:34:26,17:19:26,60,60,Bukit Timah Market & Food Centre,667968 Singapore
16343001863,1,16:34:30,17:19:30,60,60,Ghim Moh Market & Food Centre,130027 Singapore
16344301864,1,16:34:43,17:19:43,60,60,Alexandra Village Food Centre,271006 Singapore
16345801865,1,16:34:58,17:19:58,60,60,Alexandra Village Food Centre,117756 Singapore
16350101866,1,16:35:01,17:20:01,60,60,Ghim Moh Market & Food Centre,272030 Singapore
16351601867,1,16:35:16,17:20:16,60,60,Bukit Timah Market & Food Centre,670216 Singapore
16354101868,1,16:35:41,17:20:41,60,60,Bukit Timah Market & Food Centre,670248 Singapore
16355101869,1,16:35:51,17:20:51,60,60,Alexandra Village Food Centre,279797 Singapore
16361501870,1,16:36:15,17:21:15,60,60,Ghim Moh Market & Food Centre,141086 Singapore
16364701871,1,16:36:47,17:21:47,60,60,Bukit Timah Market & Food Centre,259281 Singapore
16370001872,1,16:37:00,17:22:00,60,60,Alexandra Village Food Centre,279013 Singapore
16370201873,1,16:37:02,17:22:02,60,60,Alexandra Village Food Centre,268844 Singapore
16370301874,1,16:37:03,17:22:03,60,60,Ghim Moh Market & Food Centre,134028 Singapore
16371401875,1,16:37:14,17:22:14,60,60,Bukit Timah Market & Food Centre,653292 Singapore
16372901876,1,16:37:29,17:22:29,60,60,Bukit Timah Market & Food Centre,276649 Singapore
16380101877,1,16:38:01,17:23:01,60,60,Alexandra Village Food Centre,138678 Singapore
16382501878,1,16:38:25,17:23:25,60,60,Bukit Timah Market & Food Centre,287894 Singapore
16384701879,1,16:38:47,17:23:47,60,60,Alexandra Village Food Centre,159026 Singapore
16390301880,1,16:39:03,17:24:03,60,60,Bukit Timah Market & Food Centre,679038 Singapore
16391701881,1,16:39:17,17:24:17,60,60,Ghim Moh Market & Food Centre,117506 Singapore
16392401882,1,16:39:24,17:24:24,60,60,Bukit Timah Market & Food Centre,598738 Singapore
16392801883,1,16:39:28,17:24:28,60,60,Ghim Moh Market & Food Centre,278535 Singapore
16393601884,1,16:39:36,17:24:36,60,60,Alexandra Village Food Centre,159962 Singapore
16393701885,1,16:39:37,17:24:37,60,60,Bukit Timah Market & Food Centre,670239 Singapore
16395101886,1,16:39:51,17:24:51,60,60,Alexandra Village Food Centre,118525 Singapore
16404401887,1,16:40:44,17:25:44,60,60,Alexandra Village Food Centre,159961 Singapore
16404801888,1,16:40:48,17:25:48,60,60,Bukit Timah Market & Food Centre,267671 Singapore
16411901889,1,16:41:19,17:26:19,60,60,Bukit Timah Market & Food Centre,678274 Singapore
16413901890,1,16:41:39,17:26:39,60,60,Alexandra Village Food Centre,140146 Singapore
16414601891,1,16:41:46,17:26:46,60,60,Ghim Moh Market & Food Centre,272009 Singapore
16420401892,1,16:42:04,17:27:04,60,60,Alexandra Village Food Centre,276750 Singapore
16421501893,1,16:42:15,17:27:15,60,60,Alexandra Village Food Centre,159026 Singapore
16422201894,1,16:42:22,17:27:22,60,60,Bukit Timah Market & Food Centre,598731 Singapore
16430301895,1,16:43:03,17:28:03,60,60,Bukit Timah Market & Food Centre,588997 Singapore
16434001896,1,16:43:40,17:28:40,60,60,Bukit Timah Market & Food Centre,589657 Singapore
16435401897,1,16:43:54,17:28:54,60,60,Alexandra Village Food Centre,141089 Singapore
16440401898,1,16:44:04,17:29:04,60,60,Alexandra Village Food Centre,142059 Singapore
16442001899,1,16:44:20,17:29:20,60,60,Ghim Moh Market & Food Centre,276693 Singapore
16450001900,1,16:45:00,17:30:00,60,60,Alexandra Village Food Centre,140143 Singapore
16451801901,1,16:45:18,17:30:18,60,60,Alexandra Village Food Centre,140184 Singapore
16453401902,1,16:45:34,17:30:34,60,60,Bukit Timah Market & Food Centre,650223 Singapore
16453601903,1,16:45:36,17:30:36,60,60,Bukit Timah Market & Food Centre,266242 Singapore
16460101904,1,16:46:01,17:31:01,60,60,Alexandra Village Food Centre,270029 Singapore
16460701905,1,16:46:07,17:31:07,60,60,Ghim Moh Market & Food Centre,267954 Singapore
16462801906,1,16:46:28,17:31:28,60,60,Bukit Timah Market & Food Centre,667968 Singapore
16463401907,1,16:46:34,17:31:34,60,60,Alexandra Village Food Centre,270013 Singapore
16481101908,1,16:48:11,17:33:11,60,60,Ghim Moh Market & Food Centre,277908 Singapore
16482401909,1,16:48:24,17:33:24,60,60,Ghim Moh Market & Food Centre,142091 Singapore
16483101910,1,16:48:31,17:33:31,60,60,Ghim Moh Market & Food Centre,117490 Singapore
16491501911,1,16:49:15,17:34:15,60,60,Alexandra Village Food Centre,138614 Singapore
16491701912,1,16:49:17,17:34:17,60,60,Alexandra Village Food Centre,150118 Singapore
16493201913,1,16:49:32,17:34:32,60,60,Ghim Moh Market & Food Centre,133028 Singapore
16493801914,1,16:49:38,17:34:38,60,60,Bukit Timah Market & Food Centre,596744 Singapore
16500001915,1,16:50:00,17:35:00,60,60,Alexandra Village Food Centre,141095 Singapore
16500801916,1,16:50:08,17:35:08,60,60,Bukit Timah Market & Food Centre,669557 Singapore
16502301917,1,16:50:23,17:35:23,60,60,Alexandra Village Food Centre,150118 Singapore
16502401918,1,16:50:24,17:35:24,60,60,Bukit Timah Market & Food Centre,677662 Singapore
16503201919,1,16:50:32,17:35:32,60,60,Alexandra Village Food Centre,159944 Singapore
16503201920,1,16:50:32,17:35:32,60,60,Ghim Moh Market & Food Centre,140069 Singapore
16503301921,1,16:50:33,17:35:33,60,60,Bukit Timah Market & Food Centre,267951 Singapore
16503301922,1,16:50:33,17:35:33,60,60,Alexandra Village Food Centre,138686 Singapore
16505101923,1,16:50:51,17:35:51,60,60,Bukit Timah Market & Food Centre,651464 Singapore
16505201924,1,16:50:52,17:35:52,60,60,Bukit Timah Market & Food Centre,597090 Singapore
16510201925,1,16:51:02,17:36:02,60,60,Bukit Timah Market & Food Centre,270013 Singapore
16511901926,1,16:51:19,17:36:19,60,60,Bukit Timah Market & Food Centre,269123 Singapore
16512301927,1,16:51:23,17:36:23,60,60,Alexandra Village Food Centre,138638 Singapore
16514201928,1,16:51:42,17:36:42,60,60,Bukit Timah Market & Food Centre,278731 Singapore
16520001929,1,16:52:00,17:37:00,60,60,Ghim Moh Market & Food Centre,270027 Singapore
16523701930,1,16:52:37,17:37:37,60,60,Alexandra Village Food Centre,149544 Singapore
16531001931,1,16:53:10,17:38:10,60,60,Alexandra Village Food Centre,159022 Singapore
16532901932,1,16:53:29,17:38:29,60,60,Ghim Moh Market & Food Centre,138601 Singapore
16533501933,1,16:53:35,17:38:35,60,60,Alexandra Village Food Centre,269632 Singapore
16534001934,1,16:53:40,17:38:40,60,60,Alexandra Village Food Centre,279584 Singapore
16543101935,1,16:54:31,17:39:31,60,60,Bukit Timah Market & Food Centre,669559 Singapore
16543301936,1,16:54:33,17:39:33,60,60,Alexandra Village Food Centre,150118 Singapore
16543501937,1,16:54:35,17:39:35,60,60,Bukit Timah Market & Food Centre,669590 Singapore
16543801938,1,16:54:38,17:39:38,60,60,Bukit Timah Market & Food Centre,651194 Singapore
16543901939,1,16:54:39,17:39:39,60,60,Alexandra Village Food Centre,141081 Singapore
16545001940,1,16:54:50,17:39:50,60,60,Bukit Timah Market & Food Centre,276308 Singapore
16550401941,1,16:55:04,17:40:04,60,60,Alexandra Village Food Centre,268852 Singapore
16552101942,1,16:55:21,17:40:21,60,60,Alexandra Village Food Centre,127450 Singapore
16560801943,1,16:56:08,17:41:08,60,60,Bukit Timah Market & Food Centre,598728 Singapore
16564601944,1,16:56:46,17:41:46,60,60,Alexandra Village Food Centre,159022 Singapore
16564601945,1,16:56:46,17:41:46,60,60,Bukit Timah Market & Food Centre,277445 Singapore
16565201946,1,16:56:52,17:41:52,60,60,Alexandra Village Food Centre,138687 Singapore
16571101947,1,16:57:11,17:42:11,60,60,Alexandra Village Food Centre,119098 Singapore
16571201948,1,16:57:12,17:42:12,60,60,Ghim Moh Market & Food Centre,287913 Singapore
16572201949,1,16:57:22,17:42:22,60,60,Alexandra Village Food Centre,149739 Singapore
16572601950,1,16:57:26,17:42:26,60,60,Bukit Timah Market & Food Centre,271008 Singapore
16575901951,1,16:57:59,17:42:59,60,60,Alexandra Village Food Centre,118668 Singapore
16582301952,1,16:58:23,17:43:23,60,60,Alexandra Village Food Centre,120425 Singapore
16585401953,1,16:58:54,17:43:54,60,60,Bukit Timah Market & Food Centre,588196 Singapore
16585501954,1,16:58:55,17:43:55,60,60,Alexandra Village Food Centre,128044 Singapore
16592201955,1,16:59:22,17:44:22,60,60,Bukit Timah Market & Food Centre,670605 Singapore
16594701956,1,16:59:47,17:44:47,60,60,Alexandra Village Food Centre,269707 Singapore
16595601957,1,16:59:56,17:44:56,60,60,Alexandra Village Food Centre,275871 Singapore
17001201958,1,17:00:12,17:45:12,60,60,Bukit Timah Market & Food Centre,670184 Singapore
17001701959,1,17:00:17,17:45:17,60,60,Bukit Timah Market & Food Centre,597627 Singapore
17002601960,1,17:00:26,17:45:26,60,60,Bukit Timah Market & Food Centre,279883 Singapore
17005001961,1,17:00:50,17:45:50,60,60,Ghim Moh Market & Food Centre,117840 Singapore
17010301962,1,17:01:03,17:46:03,60,60,Alexandra Village Food Centre,266310 Singapore
17011601963,1,17:01:16,17:46:16,60,60,Bukit Timah Market & Food Centre,650405 Singapore
17014201964,1,17:01:42,17:46:42,60,60,Alexandra Village Food Centre,138507 Singapore
17024001965,1,17:02:40,17:47:40,60,60,Ghim Moh Market & Food Centre,276562 Singapore
17024301966,1,17:02:43,17:47:43,60,60,Bukit Timah Market & Food Centre,659762 Singapore
17025601967,1,17:02:56,17:47:56,60,60,Alexandra Village Food Centre,140184 Singapore
17030001968,1,17:03:00,17:48:00,60,60,Ghim Moh Market & Food Centre,159026 Singapore
17030501969,1,17:03:05,17:48:05,60,60,Alexandra Village Food Centre,150118 Singapore
17031101970,1,17:03:11,17:48:11,60,60,Alexandra Village Food Centre,120613 Singapore
17032401971,1,17:03:24,17:48:24,60,60,Ghim Moh Market & Food Centre,126754 Singapore
17032601972,1,17:03:26,17:48:26,60,60,Bukit Timah Market & Food Centre,299709 Singapore
17044301973,1,17:04:43,17:49:43,60,60,Alexandra Village Food Centre,298021 Singapore
17044701974,1,17:04:47,17:49:47,60,60,Alexandra Village Food Centre,138638 Singapore
17045201975,1,17:04:52,17:49:52,60,60,Bukit Timah Market & Food Centre,650304 Singapore
17050801976,1,17:05:08,17:50:08,60,60,Alexandra Village Food Centre,159456 Singapore
17050801977,1,17:05:08,17:50:08,60,60,Bukit Timah Market & Food Centre,670184 Singapore
17054101978,1,17:05:41,17:50:41,60,60,Bukit Timah Market & Food Centre,598738 Singapore
17055701979,1,17:05:57,17:50:57,60,60,Alexandra Village Food Centre,138638 Singapore
17060001980,1,17:06:00,17:51:00,60,60,Bukit Timah Market & Food Centre,259281 Singapore
17061101981,1,17:06:11,17:51:11,60,60,Bukit Timah Market & Food Centre,269198 Singapore
17063001982,1,17:06:30,17:51:30,60,60,Bukit Timah Market & Food Centre,670184 Singapore
17064201983,1,17:06:42,17:51:42,60,60,Bukit Timah Market & Food Centre,653443 Singapore
17064401984,1,17:06:44,17:51:44,60,60,Bukit Timah Market & Food Centre,268408 Singapore
17065501985,1,17:06:55,17:51:55,60,60,Ghim Moh Market & Food Centre,288433 Singapore
17065701986,1,17:06:57,17:51:57,60,60,Alexandra Village Food Centre,267954 Singapore
17071001987,1,17:07:10,17:52:10,60,60,Alexandra Village Food Centre,141086 Singapore
17071601988,1,17:07:16,17:52:16,60,60,Bukit Timah Market & Food Centre,266621 Singapore
17072601989,1,17:07:26,17:52:26,60,60,Bukit Timah Market & Food Centre,677728 Singapore
17073801990,1,17:07:38,17:52:38,60,60,Bukit Timah Market & Food Centre,587845 Singapore
17075201991,1,17:07:52,17:52:52,60,60,Alexandra Village Food Centre,117686 Singapore
17080001992,1,17:08:00,17:53:00,60,60,Ghim Moh Market & Food Centre,587972 Singapore
17080001993,1,17:08:00,17:53:00,60,60,Alexandra Village Food Centre,128036 Singapore
17081001994,1,17:08:10,17:53:10,60,60,Alexandra Village Food Centre,289886 Singapore
17083101995,1,17:08:31,17:53:31,60,60,Ghim Moh Market & Food Centre,126754 Singapore
17083301996,1,17:08:33,17:53:33,60,60,Alexandra Village Food Centre,129961 Singapore
17083501997,1,17:08:35,17:53:35,60,60,Ghim Moh Market & Food Centre,260006 Singapore
17084101998,1,17:08:41,17:53:41,60,60,Ghim Moh Market & Food Centre,148955 Singapore
17084201999,1,17:08:42,17:53:42,60,60,Bukit Timah Market & Food Centre,651452 Singapore
17084302000,1,17:08:43,17:53:43,60,60,Alexandra Village Food Centre,118136 Singapore
17084602001,1,17:08:46,17:53:46,60,60,Bukit Timah Market & Food Centre,651447 Singapore
17094602002,1,17:09:46,17:54:46,60,60,Ghim Moh Market & Food Centre,596730 Singapore
17100002003,1,17:10:00,17:55:00,60,60,Bukit Timah Market & Food Centre,651442 Singapore
17100002004,1,17:10:00,17:55:00,60,60,Alexandra Village Food Centre,150117 Singapore
17102002005,1,17:10:20,17:55:20,60,60,Bukit Timah Market & Food Centre,268799 Singapore
17103302006,1,17:10:33,17:55:33,60,60,Ghim Moh Market & Food Centre,120345 Singapore
17103502007,1,17:10:35,17:55:35,60,60,Bukit Timah Market & Food Centre,276306 Singapore
17104602008,1,17:10:46,17:55:46,60,60,Alexandra Village Food Centre,117686 Singapore
17105002009,1,17:10:50,17:55:50,60,60,Bukit Timah Market & Food Centre,266247 Singapore
17105102010,1,17:10:51,17:55:51,60,60,Alexandra Village Food Centre,117439 Singapore
17105702011,1,17:10:57,17:55:57,60,60,Alexandra Village Food Centre,142088 Singapore
17110302012,1,17:11:03,17:56:03,60,60,Alexandra Village Food Centre,149457 Singapore
17111302013,1,17:11:13,17:56:13,60,60,Bukit Timah Market & Food Centre,678274 Singapore
17111402014,1,17:11:14,17:56:14,60,60,Bukit Timah Market & Food Centre,277606 Singapore
17113702015,1,17:11:37,17:56:37,60,60,Ghim Moh Market & Food Centre,120421 Singapore
17114602016,1,17:11:46,17:56:46,60,60,Bukit Timah Market & Food Centre,651452 Singapore
17115902017,1,17:11:59,17:56:59,60,60,Alexandra Village Food Centre,117468 Singapore
17120302018,1,17:12:03,17:57:03,60,60,Alexandra Village Food Centre,119915 Singapore
17121002019,1,17:12:10,17:57:10,60,60,Alexandra Village Food Centre,277116 Singapore
17121702020,1,17:12:17,17:57:17,60,60,Bukit Timah Market & Food Centre,587978 Singapore
17123602021,1,17:12:36,17:57:36,60,60,Bukit Timah Market & Food Centre,650182 Singapore
17123902022,1,17:12:39,17:57:39,60,60,Alexandra Village Food Centre,119098 Singapore
17133002023,1,17:13:30,17:58:30,60,60,Ghim Moh Market & Food Centre,150118 Singapore
17133702024,1,17:13:37,17:58:37,60,60,Bukit Timah Market & Food Centre,270013 Singapore
17134202025,1,17:13:42,17:58:42,60,60,Bukit Timah Market & Food Centre,587849 Singapore
17135602026,1,17:13:56,17:58:56,60,60,Bukit Timah Market & Food Centre,597631 Singapore
17140702027,1,17:14:07,17:59:07,60,60,Alexandra Village Food Centre,142091 Singapore
17142402028,1,17:14:24,17:59:24,60,60,Alexandra Village Food Centre,119098 Singapore
17142502029,1,17:14:25,17:59:25,60,60,Ghim Moh Market & Food Centre,149739 Singapore
17142702030,1,17:14:27,17:59:27,60,60,Bukit Timah Market & Food Centre,652292 Singapore
17142902031,1,17:14:29,17:59:29,60,60,Bukit Timah Market & Food Centre,589630 Singapore
17144902032,1,17:14:49,17:59:49,60,60,Ghim Moh Market & Food Centre,276562 Singapore
17150002033,1,17:15:00,18:00:00,60,60,Ghim Moh Market & Food Centre,287995 Singapore
17150802034,1,17:15:08,18:00:08,60,60,Bukit Timah Market & Food Centre,596229 Singapore
17151202035,1,17:15:12,18:00:12,60,60,Alexandra Village Food Centre,149740 Singapore
17152902036,1,17:15:29,18:00:29,60,60,Alexandra Village Food Centre,142091 Singapore
17160902037,1,17:16:09,18:01:09,60,60,Ghim Moh Market & Food Centre,141092 Singapore
17160902038,1,17:16:09,18:01:09,60,60,Ghim Moh Market & Food Centre,288433 Singapore
17160902039,1,17:16:09,18:01:09,60,60,Bukit Timah Market & Food Centre,650512 Singapore
17163002040,1,17:16:30,18:01:30,60,60,Bukit Timah Market & Food Centre,679695 Singapore
17172702041,1,17:17:27,18:02:27,60,60,Alexandra Village Food Centre,159545 Singapore
17173202042,1,17:17:32,18:02:32,60,60,Bukit Timah Market & Food Centre,652449 Singapore
17174202043,1,17:17:42,18:02:42,60,60,Alexandra Village Food Centre,159929 Singapore
17174702044,1,17:17:47,18:02:47,60,60,Bukit Timah Market & Food Centre,650405 Singapore
17174902045,1,17:17:49,18:02:49,60,60,Alexandra Village Food Centre,159025 Singapore
17175602046,1,17:17:56,18:02:56,60,60,Ghim Moh Market & Food Centre,272030 Singapore
17180402047,1,17:18:04,18:03:04,60,60,Bukit Timah Market & Food Centre,270013 Singapore
17181202048,1,17:18:12,18:03:12,60,60,Ghim Moh Market & Food Centre,159028 Singapore
17182802049,1,17:18:28,18:03:28,60,60,Bukit Timah Market & Food Centre,276402 Singapore
17184602050,1,17:18:46,18:03:46,60,60,Alexandra Village Food Centre,118136 Singapore
17185302051,1,17:18:53,18:03:53,60,60,Alexandra Village Food Centre,140071 Singapore
17190602052,1,17:19:06,18:04:06,60,60,Alexandra Village Food Centre,130003 Singapore
17192502053,1,17:19:25,18:04:25,60,60,Bukit Timah Market & Food Centre,678274 Singapore
17192802054,1,17:19:28,18:04:28,60,60,Ghim Moh Market & Food Centre,138601 Singapore
17193902055,1,17:19:39,18:04:39,60,60,Bukit Timah Market & Food Centre,598431 Singapore
17194402056,1,17:19:44,18:04:44,60,60,Bukit Timah Market & Food Centre,653442 Singapore
17194602057,1,17:19:46,18:04:46,60,60,Alexandra Village Food Centre,149457 Singapore
17195502058,1,17:19:55,18:04:55,60,60,Ghim Moh Market & Food Centre,118108 Singapore
17200802059,1,17:20:08,18:05:08,60,60,Alexandra Village Food Centre,159545 Singapore
17201302060,1,17:20:13,18:05:13,60,60,Bukit Timah Market & Food Centre,587841 Singapore
17202002061,1,17:20:20,18:05:20,60,60,Alexandra Village Food Centre,266462 Singapore
17202602062,1,17:20:26,18:05:26,60,60,Ghim Moh Market & Food Centre,287153 Singapore
17203802063,1,17:20:38,18:05:38,60,60,Bukit Timah Market & Food Centre,266782 Singapore
17204102064,1,17:20:41,18:05:41,60,60,Ghim Moh Market & Food Centre,267088 Singapore
17205102065,1,17:20:51,18:05:51,60,60,Bukit Timah Market & Food Centre,650190 Singapore
17211002066,1,17:21:10,18:06:10,60,60,Alexandra Village Food Centre,267953 Singapore
17211302067,1,17:21:13,18:06:13,60,60,Ghim Moh Market & Food Centre,267936 Singapore
17213002068,1,17:21:30,18:06:30,60,60,Alexandra Village Food Centre,120413 Singapore
17215302069,1,17:21:53,18:06:53,60,60,Bukit Timah Market & Food Centre,596742 Singapore
17220102070,1,17:22:01,18:07:01,60,60,Alexandra Village Food Centre,158744 Singapore
17222402071,1,17:22:24,18:07:24,60,60,Bukit Timah Market & Food Centre,597159 Singapore
17222802072,1,17:22:28,18:07:28,60,60,Alexandra Village Food Centre,119098 Singapore
17222802073,1,17:22:28,18:07:28,60,60,Alexandra Village Food Centre,138633 Singapore
17223002074,1,17:22:30,18:07:30,60,60,Bukit Timah Market & Food Centre,277054 Singapore
17223002075,1,17:22:30,18:07:30,60,60,Alexandra Village Food Centre,267829 Singapore
17223402076,1,17:22:34,18:07:34,60,60,Bukit Timah Market & Food Centre,650287 Singapore
17224002077,1,17:22:40,18:07:40,60,60,Alexandra Village Food Centre,138565 Singapore
17225502078,1,17:22:55,18:07:55,60,60,Alexandra Village Food Centre,128044 Singapore
17225702079,1,17:22:57,18:07:57,60,60,Bukit Timah Market & Food Centre,670416 Singapore
17225902080,1,17:22:59,18:07:59,60,60,Alexandra Village Food Centre,268848 Singapore
17230102081,1,17:23:01,18:08:01,60,60,Ghim Moh Market & Food Centre,130026 Singapore
17230402082,1,17:23:04,18:08:04,60,60,Alexandra Village Food Centre,299089 Singapore
17231102083,1,17:23:11,18:08:11,60,60,Bukit Timah Market & Food Centre,287534 Singapore
17231402084,1,17:23:14,18:08:14,60,60,Ghim Moh Market & Food Centre,278636 Singapore
17231802085,1,17:23:18,18:08:18,60,60,Bukit Timah Market & Food Centre,598738 Singapore
17231902086,1,17:23:19,18:08:19,60,60,Alexandra Village Food Centre,269360 Singapore
17233702087,1,17:23:37,18:08:37,60,60,Bukit Timah Market & Food Centre,596744 Singapore
17234002088,1,17:23:40,18:08:40,60,60,Alexandra Village Food Centre,159553 Singapore
17234802089,1,17:23:48,18:08:48,60,60,Alexandra Village Food Centre,299204 Singapore
17241502090,1,17:24:15,18:09:15,60,60,Alexandra Village Food Centre,117468 Singapore
17242002091,1,17:24:20,18:09:20,60,60,Alexandra Village Food Centre,159104 Singapore
17242802092,1,17:24:28,18:09:28,60,60,Bukit Timah Market & Food Centre,266665 Singapore
17244702093,1,17:24:47,18:09:47,60,60,Alexandra Village Food Centre,138678 Singapore
17250602094,1,17:25:06,18:10:06,60,60,Ghim Moh Market & Food Centre,140062 Singapore
17250702095,1,17:25:07,18:10:07,60,60,Alexandra Village Food Centre,270029 Singapore
17251402096,1,17:25:14,18:10:14,60,60,Bukit Timah Market & Food Centre,679695 Singapore
17255102097,1,17:25:51,18:10:51,60,60,Ghim Moh Market & Food Centre,272009 Singapore
17255702098,1,17:25:57,18:10:57,60,60,Alexandra Village Food Centre,270040 Singapore
17260102099,1,17:26:01,18:11:01,60,60,Alexandra Village Food Centre,266310 Singapore
17260802100,1,17:26:08,18:11:08,60,60,Ghim Moh Market & Food Centre,138598 Singapore
17261302101,1,17:26:13,18:11:13,60,60,Alexandra Village Food Centre,140143 Singapore
17261502102,1,17:26:15,18:11:15,60,60,Bukit Timah Market & Food Centre,597631 Singapore
17261802103,1,17:26:18,18:11:18,60,60,Bukit Timah Market & Food Centre,653442 Singapore
17262102104,1,17:26:21,18:11:21,60,60,Bukit Timah Market & Food Centre,650267 Singapore
17265202105,1,17:26:52,18:11:52,60,60,Bukit Timah Market & Food Centre,650440 Singapore
17271802106,1,17:27:18,18:12:18,60,60,Ghim Moh Market & Food Centre,140169 Singapore
17272202107,1,17:27:22,18:12:22,60,60,Ghim Moh Market & Food Centre,120458 Singapore
17273202108,1,17:27:32,18:12:32,60,60,Bukit Timah Market & Food Centre,659637 Singapore
17273202109,1,17:27:32,18:12:32,60,60,Ghim Moh Market & Food Centre,118635 Singapore
17274002110,1,17:27:40,18:12:40,60,60,Bukit Timah Market & Food Centre,678087 Singapore
17274302111,1,17:27:43,18:12:43,60,60,Alexandra Village Food Centre,118136 Singapore
17282302112,1,17:28:23,18:13:23,60,60,Alexandra Village Food Centre,117468 Singapore
17283002113,1,17:28:30,18:13:30,60,60,Alexandra Village Food Centre,159026 Singapore
17284202114,1,17:28:42,18:13:42,60,60,Alexandra Village Food Centre,140094 Singapore
17284402115,1,17:28:44,18:13:44,60,60,Bukit Timah Market & Food Centre,267671 Singapore
17284902116,1,17:28:49,18:13:49,60,60,Ghim Moh Market & Food Centre,271032 Singapore
17290202117,1,17:29:02,18:14:02,60,60,Ghim Moh Market & Food Centre,287393 Singapore
17293302118,1,17:29:33,18:14:33,60,60,Alexandra Village Food Centre,138678 Singapore
17302202119,1,17:30:22,18:15:22,60,60,Alexandra Village Food Centre,150118 Singapore
17302502120,1,17:30:25,18:15:25,60,60,Alexandra Village Food Centre,272004 Singapore
17310902121,1,17:31:09,18:16:09,60,60,Ghim Moh Market & Food Centre,150118 Singapore
17314702122,1,17:31:47,18:16:47,60,60,Ghim Moh Market & Food Centre,299022 Singapore
17314802123,1,17:31:48,18:16:48,60,60,Ghim Moh Market & Food Centre,120373 Singapore
17320102124,1,17:32:01,18:17:01,60,60,Bukit Timah Market & Food Centre,651447 Singapore
17322902125,1,17:32:29,18:17:29,60,60,Alexandra Village Food Centre,140146 Singapore
17331202126,1,17:33:12,18:18:12,60,60,Alexandra Village Food Centre,271013 Singapore
17332002127,1,17:33:20,18:18:20,60,60,Bukit Timah Market & Food Centre,651442 Singapore
17334002128,1,17:33:40,18:18:40,60,60,Ghim Moh Market & Food Centre,589655 Singapore
17341502129,1,17:34:15,18:19:15,60,60,Bukit Timah Market & Food Centre,267671 Singapore
17341702130,1,17:34:17,18:19:17,60,60,Bukit Timah Market & Food Centre,598728 Singapore
17342902131,1,17:34:29,18:19:29,60,60,Alexandra Village Food Centre,118136 Singapore
17351802132,1,17:35:18,18:20:18,60,60,Bukit Timah Market & Food Centre,266184 Singapore
17352702133,1,17:35:27,18:20:27,60,60,Alexandra Village Food Centre,267954 Singapore
17354302134,1,17:35:43,18:20:43,60,60,Alexandra Village Food Centre,267829 Singapore
17354402135,1,17:35:44,18:20:44,60,60,Ghim Moh Market & Food Centre,597631 Singapore
17355002136,1,17:35:50,18:20:50,60,60,Bukit Timah Market & Food Centre,289126 Singapore
17360802137,1,17:36:08,18:21:08,60,60,Alexandra Village Food Centre,159026 Singapore
17361402138,1,17:36:14,18:21:14,60,60,Alexandra Village Food Centre,128044 Singapore
17361402139,1,17:36:14,18:21:14,60,60,Bukit Timah Market & Food Centre,271020 Singapore
17362902140,1,17:36:29,18:21:29,60,60,Bukit Timah Market & Food Centre,589657 Singapore
17363602141,1,17:36:36,18:21:36,60,60,Alexandra Village Food Centre,140021 Singapore
17370702142,1,17:37:07,18:22:07,60,60,Ghim Moh Market & Food Centre,276952 Singapore
17371702143,1,17:37:17,18:22:17,60,60,Bukit Timah Market & Food Centre,670184 Singapore
17373002144,1,17:37:30,18:22:30,60,60,Ghim Moh Market & Food Centre,127719 Singapore
17375602145,1,17:37:56,18:22:56,60,60,Bukit Timah Market & Food Centre,278535 Singapore
17380702146,1,17:38:07,18:23:07,60,60,Alexandra Village Food Centre,149544 Singapore
17381902147,1,17:38:19,18:23:19,60,60,Bukit Timah Market & Food Centre,659247 Singapore
17383802148,1,17:38:38,18:23:38,60,60,Alexandra Village Food Centre,278731 Singapore
17383902149,1,17:38:39,18:23:39,60,60,Bukit Timah Market & Food Centre,670176 Singapore
17384602150,1,17:38:46,18:23:46,60,60,Alexandra Village Food Centre,119962 Singapore
17385302151,1,17:38:53,18:23:53,60,60,Ghim Moh Market & Food Centre,139656 Singapore
17390102152,1,17:39:01,18:24:01,60,60,Alexandra Village Food Centre,120365 Singapore
17391002153,1,17:39:10,18:24:10,60,60,Bukit Timah Market & Food Centre,653448 Singapore
17391002154,1,17:39:10,18:24:10,60,60,Bukit Timah Market & Food Centre,598734 Singapore
17391702155,1,17:39:17,18:24:17,60,60,Alexandra Village Food Centre,159025 Singapore
17392202156,1,17:39:22,18:24:22,60,60,Bukit Timah Market & Food Centre,259275 Singapore
17392802157,1,17:39:28,18:24:28,60,60,Bukit Timah Market & Food Centre,659248 Singapore
17393202158,1,17:39:32,18:24:32,60,60,Ghim Moh Market & Food Centre,118261 Singapore
17393202159,1,17:39:32,18:24:32,60,60,Ghim Moh Market & Food Centre,589657 Singapore
17393402160,1,17:39:34,18:24:34,60,60,Alexandra Village Food Centre,266740 Singapore
17395002161,1,17:39:50,18:24:50,60,60,Ghim Moh Market & Food Centre,276954 Singapore
17402002162,1,17:40:20,18:25:20,60,60,Alexandra Village Food Centre,287390 Singapore
17402702163,1,17:40:27,18:25:27,60,60,Bukit Timah Market & Food Centre,288383 Singapore
17403602164,1,17:40:36,18:25:36,60,60,Bukit Timah Market & Food Centre,670605 Singapore
17403802165,1,17:40:38,18:25:38,60,60,Alexandra Village Food Centre,268836 Singapore
17404502166,1,17:40:45,18:25:45,60,60,Alexandra Village Food Centre,268215 Singapore
17405802167,1,17:40:58,18:25:58,60,60,Ghim Moh Market & Food Centre,289886 Singapore
17410002168,1,17:41:00,18:26:00,60,60,Alexandra Village Food Centre,140081 Singapore
17411402169,1,17:41:14,18:26:14,60,60,Alexandra Village Food Centre,129792 Singapore
17412802170,1,17:41:28,18:26:28,60,60,Bukit Timah Market & Food Centre,654461 Singapore
17414102171,1,17:41:41,18:26:41,60,60,Bukit Timah Market & Food Centre,659244 Singapore
17415402172,1,17:41:54,18:26:54,60,60,Ghim Moh Market & Food Centre,266838 Singapore
17420402173,1,17:42:04,18:27:04,60,60,Bukit Timah Market & Food Centre,270013 Singapore
17420602174,1,17:42:06,18:27:06,60,60,Bukit Timah Market & Food Centre,670216 Singapore
17421202175,1,17:42:12,18:27:12,60,60,Alexandra Village Food Centre,159104 Singapore
17422902176,1,17:42:29,18:27:29,60,60,Alexandra Village Food Centre,149739 Singapore
17423102177,1,17:42:31,18:27:31,60,60,Alexandra Village Food Centre,267954 Singapore
17424002178,1,17:42:40,18:27:40,60,60,Bukit Timah Market & Food Centre,276308 Singapore
17425402179,1,17:42:54,18:27:54,60,60,Bukit Timah Market & Food Centre,652296 Singapore
17430702180,1,17:43:07,18:28:07,60,60,Bukit Timah Market & Food Centre,650406 Singapore
17431002181,1,17:43:10,18:28:10,60,60,Bukit Timah Market & Food Centre,667981 Singapore
17431402182,1,17:43:14,18:28:14,60,60,Bukit Timah Market & Food Centre,269198 Singapore
17431402183,1,17:43:14,18:28:14,60,60,Bukit Timah Market & Food Centre,589652 Singapore
17433802184,1,17:43:38,18:28:38,60,60,Alexandra Village Food Centre,118518 Singapore
17435002185,1,17:43:50,18:28:50,60,60,Bukit Timah Market & Food Centre,277444 Singapore
17435102186,1,17:43:51,18:28:51,60,60,Bukit Timah Market & Food Centre,679975 Singapore
17440702187,1,17:44:07,18:29:07,60,60,Ghim Moh Market & Food Centre,117611 Singapore
17442402188,1,17:44:24,18:29:24,60,60,Bukit Timah Market & Food Centre,266744 Singapore
17443802189,1,17:44:38,18:29:38,60,60,Bukit Timah Market & Food Centre,271022 Singapore
17450702190,1,17:45:07,18:30:07,60,60,Ghim Moh Market & Food Centre,589644 Singapore
17451302191,1,17:45:13,18:30:13,60,60,Alexandra Village Food Centre,119098 Singapore
17453502192,1,17:45:35,18:30:35,60,60,Bukit Timah Market & Food Centre,667973 Singapore
17454002193,1,17:45:40,18:30:40,60,60,Alexandra Village Food Centre,298067 Singapore
17454802194,1,17:45:48,18:30:48,60,60,Ghim Moh Market & Food Centre,123311 Singapore
17462702195,1,17:46:27,18:31:27,60,60,Bukit Timah Market & Food Centre,670178 Singapore
17463202196,1,17:46:32,18:31:32,60,60,Alexandra Village Food Centre,119919 Singapore
17463302197,1,17:46:33,18:31:33,60,60,Bukit Timah Market & Food Centre,278903 Singapore
17464002198,1,17:46:40,18:31:40,60,60,Alexandra Village Food Centre,288448 Singapore
17464302199,1,17:46:43,18:31:43,60,60,Bukit Timah Market & Food Centre,598738 Singapore
17464702200,1,17:46:47,18:31:47,60,60,Alexandra Village Food Centre,118136 Singapore
17472102201,1,17:47:21,18:32:21,60,60,Alexandra Village Food Centre,118571 Singapore
17472502202,1,17:47:25,18:32:25,60,60,Bukit Timah Market & Food Centre,596266 Singapore
17473302203,1,17:47:33,18:32:33,60,60,Alexandra Village Food Centre,150118 Singapore
17473402204,1,17:47:34,18:32:34,60,60,Bukit Timah Market & Food Centre,669590 Singapore
17473702205,1,17:47:37,18:32:37,60,60,Ghim Moh Market & Food Centre,287995 Singapore
17474402206,1,17:47:44,18:32:44,60,60,Alexandra Village Food Centre,149456 Singapore
17474402207,1,17:47:44,18:32:44,60,60,Alexandra Village Food Centre,266228 Singapore
17480902208,1,17:48:09,18:33:09,60,60,Alexandra Village Food Centre,266224 Singapore
17483802209,1,17:48:38,18:33:38,60,60,Bukit Timah Market & Food Centre,271031 Singapore
17484002210,1,17:48:40,18:33:40,60,60,Ghim Moh Market & Food Centre,267953 Singapore
17484602211,1,17:48:46,18:33:46,60,60,Ghim Moh Market & Food Centre,117506 Singapore
17484702212,1,17:48:47,18:33:47,60,60,Ghim Moh Market & Food Centre,149740 Singapore
17490702213,1,17:49:07,18:34:07,60,60,Alexandra Village Food Centre,159022 Singapore
17490802214,1,17:49:08,18:34:08,60,60,Ghim Moh Market & Food Centre,120416 Singapore
17491402215,1,17:49:14,18:34:14,60,60,Alexandra Village Food Centre,119791 Singapore
17491702216,1,17:49:17,18:34:17,60,60,Ghim Moh Market & Food Centre,271022 Singapore
17491902217,1,17:49:19,18:34:19,60,60,Bukit Timah Market & Food Centre,670107 Singapore
17500302218,1,17:50:03,18:35:03,60,60,Ghim Moh Market & Food Centre,288408 Singapore
17500602219,1,17:50:06,18:35:06,60,60,Bukit Timah Market & Food Centre,259281 Singapore
17501702220,1,17:50:17,18:35:17,60,60,Ghim Moh Market & Food Centre,138614 Singapore
17502102221,1,17:50:21,18:35:21,60,60,Bukit Timah Market & Food Centre,670243 Singapore
17503702222,1,17:50:37,18:35:37,60,60,Alexandra Village Food Centre,129960 Singapore
17504402223,1,17:50:44,18:35:44,60,60,Bukit Timah Market & Food Centre,650404 Singapore
17505402224,1,17:50:54,18:35:54,60,60,Bukit Timah Market & Food Centre,598907 Singapore
17511002225,1,17:51:10,18:36:10,60,60,Ghim Moh Market & Food Centre,598001 Singapore
17512402226,1,17:51:24,18:36:24,60,60,Bukit Timah Market & Food Centre,598752 Singapore
17513002227,1,17:51:30,18:36:30,60,60,Alexandra Village Food Centre,271032 Singapore
17513102228,1,17:51:31,18:36:31,60,60,Alexandra Village Food Centre,267660 Singapore
17513202229,1,17:51:32,18:36:32,60,60,Ghim Moh Market & Food Centre,260006 Singapore
17515102230,1,17:51:51,18:36:51,60,60,Ghim Moh Market & Food Centre,260006 Singapore
17515702231,1,17:51:57,18:36:57,60,60,Bukit Timah Market & Food Centre,268408 Singapore
17521202232,1,17:52:12,18:37:12,60,60,Alexandra Village Food Centre,140049 Singapore
17522302233,1,17:52:23,18:37:23,60,60,Bukit Timah Market & Food Centre,287534 Singapore
17522402234,1,17:52:24,18:37:24,60,60,Ghim Moh Market & Food Centre,588997 Singapore
17523602235,1,17:52:36,18:37:36,60,60,Ghim Moh Market & Food Centre,266977 Singapore
17524202236,1,17:52:42,18:37:42,60,60,Bukit Timah Market & Food Centre,679695 Singapore
17524902237,1,17:52:49,18:37:49,60,60,Bukit Timah Market & Food Centre,650304 Singapore
17530902238,1,17:53:09,18:38:09,60,60,Alexandra Village Food Centre,142088 Singapore
17531402239,1,17:53:14,18:38:14,60,60,Bukit Timah Market & Food Centre,277007 Singapore
17532402240,1,17:53:24,18:38:24,60,60,Alexandra Village Food Centre,140082 Singapore
17534402241,1,17:53:44,18:38:44,60,60,Bukit Timah Market & Food Centre,598752 Singapore
17541902242,1,17:54:19,18:39:19,60,60,Alexandra Village Food Centre,149457 Singapore
17543002243,1,17:54:30,18:39:30,60,60,Alexandra Village Food Centre,129961 Singapore
17544002244,1,17:54:40,18:39:40,60,60,Bukit Timah Market & Food Centre,267671 Singapore
17544102245,1,17:54:41,18:39:41,60,60,Bukit Timah Market & Food Centre,650192 Singapore
17544402246,1,17:54:44,18:39:44,60,60,Ghim Moh Market & Food Centre,119171 Singapore
17545502247,1,17:54:55,18:39:55,60,60,Bukit Timah Market & Food Centre,670605 Singapore
17545602248,1,17:54:56,18:39:56,60,60,Alexandra Village Food Centre,141007 Singapore
17550002249,1,17:55:00,18:40:00,60,60,Ghim Moh Market & Food Centre,599094 Singapore
17550502250,1,17:55:05,18:40:05,60,60,Alexandra Village Food Centre,140056 Singapore
17550902251,1,17:55:09,18:40:09,60,60,Alexandra Village Food Centre,276693 Singapore
17551002252,1,17:55:10,18:40:10,60,60,Bukit Timah Market & Food Centre,677662 Singapore
17551802253,1,17:55:18,18:40:18,60,60,Ghim Moh Market & Food Centre,598678 Singapore
17554002254,1,17:55:40,18:40:40,60,60,Bukit Timah Market & Food Centre,651293 Singapore
17554602255,1,17:55:46,18:40:46,60,60,Bukit Timah Market & Food Centre,653296 Singapore
17561102256,1,17:56:11,18:41:11,60,60,Bukit Timah Market & Food Centre,670107 Singapore
17561202257,1,17:56:12,18:41:12,60,60,Alexandra Village Food Centre,118136 Singapore
17562202258,1,17:56:22,18:41:22,60,60,Bukit Timah Market & Food Centre,651194 Singapore
17562602259,1,17:56:26,18:41:26,60,60,Bukit Timah Market & Food Centre,279676 Singapore
17563802260,1,17:56:38,18:41:38,60,60,Alexandra Village Food Centre,140184 Singapore
17563902261,1,17:56:39,18:41:39,60,60,Bukit Timah Market & Food Centre,678186 Singapore
17564202262,1,17:56:42,18:41:42,60,60,Bukit Timah Market & Food Centre,669590 Singapore
17564302263,1,17:56:43,18:41:43,60,60,Bukit Timah Market & Food Centre,276305 Singapore
17571702264,1,17:57:17,18:42:17,60,60,Bukit Timah Market & Food Centre,276306 Singapore
17574202265,1,17:57:42,18:42:42,60,60,Alexandra Village Food Centre,141052 Singapore
17581102266,1,17:58:11,18:43:11,60,60,Alexandra Village Food Centre,141086 Singapore
17582802267,1,17:58:28,18:43:28,60,60,Bukit Timah Market & Food Centre,598326 Singapore
17590202268,1,17:59:02,18:44:02,60,60,Bukit Timah Market & Food Centre,669605 Singapore
17593702269,1,17:59:37,18:44:37,60,60,Ghim Moh Market & Food Centre,287995 Singapore
17593802270,1,17:59:38,18:44:38,60,60,Alexandra Village Food Centre,117423 Singapore
17595202271,1,17:59:52,18:44:52,60,60,Alexandra Village Food Centre,148955 Singapore
18001202272,1,18:00:12,18:45:12,60,60,Alexandra Village Food Centre,158744 Singapore
18002002273,1,18:00:20,18:45:20,60,60,Alexandra Village Food Centre,118797 Singapore
18003302274,1,18:00:33,18:45:33,60,60,Alexandra Village Food Centre,118136 Singapore
18003702275,1,18:00:37,18:45:37,60,60,Ghim Moh Market & Food Centre,267088 Singapore
18004102276,1,18:00:41,18:45:41,60,60,Bukit Timah Market & Food Centre,650320 Singapore
18005202277,1,18:00:52,18:45:52,60,60,Bukit Timah Market & Food Centre,679864 Singapore
18010702278,1,18:01:07,18:46:07,60,60,Bukit Timah Market & Food Centre,650387 Singapore
18011202279,1,18:01:12,18:46:12,60,60,Ghim Moh Market & Food Centre,288408 Singapore
18013302280,1,18:01:33,18:46:33,60,60,Ghim Moh Market & Food Centre,267954 Singapore
18020602281,1,18:02:06,18:47:06,60,60,Alexandra Village Food Centre,269015 Singapore
18022102282,1,18:02:21,18:47:21,60,60,Alexandra Village Food Centre,141092 Singapore
18023402283,1,18:02:34,18:47:34,60,60,Ghim Moh Market & Food Centre,260006 Singapore
18025102284,1,18:02:51,18:47:51,60,60,Alexandra Village Food Centre,277116 Singapore
18030902285,1,18:03:09,18:48:09,60,60,Ghim Moh Market & Food Centre,141089 Singapore
18031202286,1,18:03:12,18:48:12,60,60,Bukit Timah Market & Food Centre,271031 Singapore
18035902287,1,18:03:59,18:48:59,60,60,Bukit Timah Market & Food Centre,266242 Singapore
18040902288,1,18:04:09,18:49:09,60,60,Bukit Timah Market & Food Centre,598728 Singapore
18041902289,1,18:04:19,18:49:19,60,60,Bukit Timah Market & Food Centre,589628 Singapore
18045102290,1,18:04:51,18:49:51,60,60,Alexandra Village Food Centre,149456 Singapore
18050402291,1,18:05:04,18:50:04,60,60,Bukit Timah Market & Food Centre,670184 Singapore
18053002292,1,18:05:30,18:50:30,60,60,Alexandra Village Food Centre,140082 Singapore
18053402293,1,18:05:34,18:50:34,60,60,Bukit Timah Market & Food Centre,670170 Singapore
18053702294,1,18:05:37,18:50:37,60,60,Ghim Moh Market & Food Centre,140169 Singapore
18053802295,1,18:05:38,18:50:38,60,60,Bukit Timah Market & Food Centre,670167 Singapore
18055102296,1,18:05:51,18:50:51,60,60,Ghim Moh Market & Food Centre,141086 Singapore
18055602297,1,18:05:56,18:50:56,60,60,Bukit Timah Market & Food Centre,588135 Singapore
18055702298,1,18:05:57,18:50:57,60,60,Alexandra Village Food Centre,298500 Singapore
18061202299,1,18:06:12,18:51:12,60,60,Bukit Timah Market & Food Centre,598738 Singapore
18061602300,1,18:06:16,18:51:16,60,60,Bukit Timah Market & Food Centre,653448 Singapore
18061602301,1,18:06:16,18:51:16,60,60,Bukit Timah Market & Food Centre,652194 Singapore
18062602302,1,18:06:26,18:51:26,60,60,Alexandra Village Food Centre,159026 Singapore
18063902303,1,18:06:39,18:51:39,60,60,Ghim Moh Market & Food Centre,267088 Singapore
18065302304,1,18:06:53,18:51:53,60,60,Alexandra Village Food Centre,269608 Singapore
18065402305,1,18:06:54,18:51:54,60,60,Ghim Moh Market & Food Centre,142091 Singapore
18065402306,1,18:06:54,18:51:54,60,60,Alexandra Village Food Centre,267953 Singapore
18065702307,1,18:06:57,18:51:57,60,60,Alexandra Village Food Centre,150117 Singapore
18070802308,1,18:07:08,18:52:08,60,60,Ghim Moh Market & Food Centre,598844 Singapore
18072202309,1,18:07:22,18:52:22,60,60,Alexandra Village Food Centre,130021 Singapore
18073002310,1,18:07:30,18:52:30,60,60,Bukit Timah Market & Food Centre,590011 Singapore
18074502311,1,18:07:45,18:52:45,60,60,Alexandra Village Food Centre,159028 Singapore
18080102312,1,18:08:01,18:53:01,60,60,Bukit Timah Market & Food Centre,651293 Singapore
18081302313,1,18:08:13,18:53:13,60,60,Alexandra Village Food Centre,271020 Singapore
18082102314,1,18:08:21,18:53:21,60,60,Alexandra Village Food Centre,149457 Singapore
18082602315,1,18:08:26,18:53:26,60,60,Bukit Timah Market & Food Centre,670180 Singapore
18083502316,1,18:08:35,18:53:35,60,60,Bukit Timah Market & Food Centre,588676 Singapore
18084702317,1,18:08:47,18:53:47,60,60,Bukit Timah Market & Food Centre,597591 Singapore
18084702318,1,18:08:47,18:53:47,60,60,Bukit Timah Market & Food Centre,258853 Singapore
18085502319,1,18:08:55,18:53:55,60,60,Bukit Timah Market & Food Centre,670447 Singapore
18090802320,1,18:09:08,18:54:08,60,60,Bukit Timah Market & Food Centre,652290 Singapore
18093002321,1,18:09:30,18:54:30,60,60,Ghim Moh Market & Food Centre,597653 Singapore
18095102322,1,18:09:51,18:54:51,60,60,Alexandra Village Food Centre,140184 Singapore
18102102323,1,18:10:21,18:55:21,60,60,Bukit Timah Market & Food Centre,267671 Singapore
18105502324,1,18:10:55,18:55:55,60,60,Bukit Timah Market & Food Centre,679695 Singapore
18110002325,1,18:11:00,18:56:00,60,60,Bukit Timah Market & Food Centre,653292 Singapore
18115602326,1,18:11:56,18:56:56,60,60,Alexandra Village Food Centre,119954 Singapore
18120702327,1,18:12:07,18:57:07,60,60,Bukit Timah Market & Food Centre,651194 Singapore
18120802328,1,18:12:08,18:57:08,60,60,Alexandra Village Food Centre,141079 Singapore
18123502329,1,18:12:35,18:57:35,60,60,Alexandra Village Food Centre,267954 Singapore
18123902330,1,18:12:39,18:57:39,60,60,Bukit Timah Market & Food Centre,670601 Singapore
18124902331,1,18:12:49,18:57:49,60,60,Bukit Timah Market & Food Centre,667981 Singapore
18130302332,1,18:13:03,18:58:03,60,60,Ghim Moh Market & Food Centre,159958 Singapore
18130902333,1,18:13:09,18:58:09,60,60,Bukit Timah Market & Food Centre,598729 Singapore
18131402334,1,18:13:14,18:58:14,60,60,Bukit Timah Market & Food Centre,288353 Singapore
18132202335,1,18:13:22,18:58:22,60,60,Alexandra Village Food Centre,149598 Singapore
18132302336,1,18:13:23,18:58:23,60,60,Ghim Moh Market & Food Centre,599854 Singapore
18133302337,1,18:13:33,18:58:33,60,60,Alexandra Village Food Centre,159023 Singapore
18133302338,1,18:13:33,18:58:33,60,60,Alexandra Village Food Centre,118632 Singapore
18135002339,1,18:13:50,18:58:50,60,60,Bukit Timah Market & Food Centre,267951 Singapore
18135502340,1,18:13:55,18:58:55,60,60,Bukit Timah Market & Food Centre,275827 Singapore
18140102341,1,18:14:01,18:59:01,60,60,Bukit Timah Market & Food Centre,272030 Singapore
18141202342,1,18:14:12,18:59:12,60,60,Alexandra Village Food Centre,158744 Singapore
18141202343,1,18:14:12,18:59:12,60,60,Bukit Timah Market & Food Centre,272030 Singapore
18145402344,1,18:14:54,18:59:54,60,60,Alexandra Village Food Centre,266375 Singapore
18150902345,1,18:15:09,19:00:09,60,60,Alexandra Village Food Centre,120418 Singapore
18153602346,1,18:15:36,19:00:36,60,60,Alexandra Village Food Centre,149739 Singapore
18154102347,1,18:15:41,19:00:41,60,60,Alexandra Village Food Centre,159553 Singapore
18154502348,1,18:15:45,19:00:45,60,60,Ghim Moh Market & Food Centre,271011 Singapore
18170102349,1,18:17:01,19:02:01,60,60,Bukit Timah Market & Food Centre,587849 Singapore
18170302350,1,18:17:03,19:02:03,60,60,Ghim Moh Market & Food Centre,118573 Singapore
18172802351,1,18:17:28,19:02:28,60,60,Bukit Timah Market & Food Centre,589630 Singapore
18173102352,1,18:17:31,19:02:31,60,60,Ghim Moh Market & Food Centre,598293 Singapore
18173602353,1,18:17:36,19:02:36,60,60,Ghim Moh Market & Food Centre,599094 Singapore
18174702354,1,18:17:47,19:02:47,60,60,Ghim Moh Market & Food Centre,149456 Singapore
18175502355,1,18:17:55,19:02:55,60,60,Alexandra Village Food Centre,138637 Singapore
18192502356,1,18:19:25,19:04:25,60,60,Alexandra Village Food Centre,140171 Singapore
18192602357,1,18:19:26,19:04:26,60,60,Bukit Timah Market & Food Centre,266247 Singapore
18194902358,1,18:19:49,19:04:49,60,60,Ghim Moh Market & Food Centre,122312 Singapore
18195402359,1,18:19:54,19:04:54,60,60,Bukit Timah Market & Food Centre,659801 Singapore
18195602360,1,18:19:56,19:04:56,60,60,Bukit Timah Market & Food Centre,650542 Singapore
18200002361,1,18:20:00,19:05:00,60,60,Alexandra Village Food Centre,267671 Singapore
18201002362,1,18:20:10,19:05:10,60,60,Ghim Moh Market & Food Centre,266313 Singapore
18201402363,1,18:20:14,19:05:14,60,60,Alexandra Village Food Centre,141090 Singapore
18202902364,1,18:20:29,19:05:29,60,60,Ghim Moh Market & Food Centre,129961 Singapore
18205302365,1,18:20:53,19:05:53,60,60,Ghim Moh Market & Food Centre,279865 Singapore
18205302366,1,18:20:53,19:05:53,60,60,Bukit Timah Market & Food Centre,279781 Singapore
18210502367,1,18:21:05,19:06:05,60,60,Alexandra Village Food Centre,159025 Singapore
18210802368,1,18:21:08,19:06:08,60,60,Alexandra Village Food Centre,140143 Singapore
18211402369,1,18:21:14,19:06:14,60,60,Ghim Moh Market & Food Centre,140021 Singapore
18211702370,1,18:21:17,19:06:17,60,60,Bukit Timah Market & Food Centre,679125 Singapore
18215702371,1,18:21:57,19:06:57,60,60,Bukit Timah Market & Food Centre,667978 Singapore
18215702372,1,18:21:57,19:06:57,60,60,Ghim Moh Market & Food Centre,271020 Singapore
18221702373,1,18:22:17,19:07:17,60,60,Ghim Moh Market & Food Centre,129792 Singapore
18223702374,1,18:22:37,19:07:37,60,60,Alexandra Village Food Centre,138507 Singapore
18225902375,1,18:22:59,19:07:59,60,60,Alexandra Village Food Centre,142094 Singapore
18234702376,1,18:23:47,19:08:47,60,60,Ghim Moh Market & Food Centre,120510 Singapore
18240102377,1,18:24:01,19:09:01,60,60,Bukit Timah Market & Food Centre,679695 Singapore
18240902378,1,18:24:09,19:09:09,60,60,Bukit Timah Market & Food Centre,271002 Singapore
18241202379,1,18:24:12,19:09:12,60,60,Bukit Timah Market & Food Centre,653442 Singapore
18242002380,1,18:24:20,19:09:20,60,60,Alexandra Village Food Centre,271006 Singapore
18244302381,1,18:24:43,19:09:43,60,60,Alexandra Village Food Centre,149739 Singapore
18245302382,1,18:24:53,19:09:53,60,60,Bukit Timah Market & Food Centre,596266 Singapore
18250702383,1,18:25:07,19:10:07,60,60,Bukit Timah Market & Food Centre,678948 Singapore
18250702384,1,18:25:07,19:10:07,60,60,Alexandra Village Food Centre,118719 Singapore
18251302385,1,18:25:13,19:10:13,60,60,Alexandra Village Food Centre,140182 Singapore
18251602386,1,18:25:16,19:10:16,60,60,Bukit Timah Market & Food Centre,598728 Singapore
18252702387,1,18:25:27,19:10:27,60,60,Ghim Moh Market & Food Centre,589644 Singapore
18254002388,1,18:25:40,19:10:40,60,60,Bukit Timah Market & Food Centre,669597 Singapore
18254202389,1,18:25:42,19:10:42,60,60,Bukit Timah Market & Food Centre,678267 Singapore
18254302390,1,18:25:43,19:10:43,60,60,Alexandra Village Food Centre,142090 Singapore
18260302391,1,18:26:03,19:11:03,60,60,Bukit Timah Market & Food Centre,598753 Singapore
18261702392,1,18:26:17,19:11:17,60,60,Bukit Timah Market & Food Centre,288383 Singapore
18262002393,1,18:26:20,19:11:20,60,60,Bukit Timah Market & Food Centre,670248 Singapore
18263902394,1,18:26:39,19:11:39,60,60,Ghim Moh Market & Food Centre,121312 Singapore
18264002395,1,18:26:40,19:11:40,60,60,Bukit Timah Market & Food Centre,670273 Singapore
18264102396,1,18:26:41,19:11:41,60,60,Bukit Timah Market & Food Centre,670412 Singapore
18264202397,1,18:26:42,19:11:42,60,60,Alexandra Village Food Centre,159026 Singapore
18265302398,1,18:26:53,19:11:53,60,60,Bukit Timah Market & Food Centre,276537 Singapore
18265702399,1,18:26:57,19:11:57,60,60,Bukit Timah Market & Food Centre,287534 Singapore
18271002400,1,18:27:10,19:12:10,60,60,Bukit Timah Market & Food Centre,653292 Singapore
18271402401,1,18:27:14,19:12:14,60,60,Alexandra Village Food Centre,278982 Singapore
18272802402,1,18:27:28,19:12:28,60,60,Alexandra Village Food Centre,266224 Singapore
18274402403,1,18:27:44,19:12:44,60,60,Alexandra Village Food Centre,268215 Singapore
18275002404,1,18:27:50,19:12:50,60,60,Alexandra Village Food Centre,119962 Singapore
18275802405,1,18:27:58,19:12:58,60,60,Bukit Timah Market & Food Centre,670170 Singapore
18281702406,1,18:28:17,19:13:17,60,60,Alexandra Village Food Centre,138638 Singapore
18282102407,1,18:28:21,19:13:21,60,60,Ghim Moh Market & Food Centre,589484 Singapore
18285102408,1,18:28:51,19:13:51,60,60,Bukit Timah Market & Food Centre,670184 Singapore
18291802409,1,18:29:18,19:14:18,60,60,Alexandra Village Food Centre,138638 Singapore
18293702410,1,18:29:37,19:14:37,60,60,Bukit Timah Market & Food Centre,658077 Singapore
18301702411,1,18:30:17,19:15:17,60,60,Bukit Timah Market & Food Centre,659637 Singapore
18301902412,1,18:30:19,19:15:19,60,60,Alexandra Village Food Centre,128044 Singapore
18302202413,1,18:30:22,19:15:22,60,60,Bukit Timah Market & Food Centre,667980 Singapore
18302802414,1,18:30:28,19:15:28,60,60,Alexandra Village Food Centre,149456 Singapore
18303402415,1,18:30:34,19:15:34,60,60,Bukit Timah Market & Food Centre,276543 Singapore
18303702416,1,18:30:37,19:15:37,60,60,Alexandra Village Food Centre,141086 Singapore
18304002417,1,18:30:40,19:15:40,60,60,Alexandra Village Food Centre,118668 Singapore
18313702418,1,18:31:37,19:16:37,60,60,Bukit Timah Market & Food Centre,267671 Singapore
18314302419,1,18:31:43,19:16:43,60,60,Bukit Timah Market & Food Centre,267748 Singapore
18321702420,1,18:32:17,19:17:17,60,60,Alexandra Village Food Centre,289900 Singapore
18321902421,1,18:32:19,19:17:19,60,60,Ghim Moh Market & Food Centre,140182 Singapore
18322202422,1,18:32:22,19:17:22,60,60,Bukit Timah Market & Food Centre,679522 Singapore
18322602423,1,18:32:26,19:17:26,60,60,Alexandra Village Food Centre,266744 Singapore
18324202424,1,18:32:42,19:17:42,60,60,Alexandra Village Food Centre,142088 Singapore
18324202425,1,18:32:42,19:17:42,60,60,Bukit Timah Market & Food Centre,650512 Singapore
18324202426,1,18:32:42,19:17:42,60,60,Bukit Timah Market & Food Centre,672442 Singapore
18325802427,1,18:32:58,19:17:58,60,60,Bukit Timah Market & Food Centre,667981 Singapore
18330102428,1,18:33:01,19:18:01,60,60,Bukit Timah Market & Food Centre,650542 Singapore
18330302429,1,18:33:03,19:18:03,60,60,Alexandra Village Food Centre,118635 Singapore
18330502430,1,18:33:05,19:18:05,60,60,Ghim Moh Market & Food Centre,158744 Singapore
18332802431,1,18:33:28,19:18:28,60,60,Bukit Timah Market & Food Centre,596183 Singapore
18333102432,1,18:33:31,19:18:31,60,60,Ghim Moh Market & Food Centre,587961 Singapore
18333202433,1,18:33:32,19:18:32,60,60,Ghim Moh Market & Food Centre,140021 Singapore
18335502434,1,18:33:55,19:18:55,60,60,Bukit Timah Market & Food Centre,272018 Singapore
18342802435,1,18:34:28,19:19:28,60,60,Bukit Timah Market & Food Centre,651467 Singapore
18345502436,1,18:34:55,19:19:55,60,60,Alexandra Village Food Centre,120723 Singapore
18350602437,1,18:35:06,19:20:06,60,60,Ghim Moh Market & Food Centre,142091 Singapore
18355502438,1,18:35:55,19:20:55,60,60,Bukit Timah Market & Food Centre,278903 Singapore
18361902439,1,18:36:19,19:21:19,60,60,Alexandra Village Food Centre,141081 Singapore
18361902440,1,18:36:19,19:21:19,60,60,Alexandra Village Food Centre,159553 Singapore
18362002441,1,18:36:20,19:21:20,60,60,Bukit Timah Market & Food Centre,266621 Singapore
18362002442,1,18:36:20,19:21:20,60,60,Alexandra Village Food Centre,267671 Singapore
18364002443,1,18:36:40,19:21:40,60,60,Bukit Timah Market & Food Centre,679695 Singapore
18365002444,1,18:36:50,19:21:50,60,60,Alexandra Village Food Centre,269015 Singapore
18372502445,1,18:37:25,19:22:25,60,60,Bukit Timah Market & Food Centre,288383 Singapore
18373002446,1,18:37:30,19:22:30,60,60,Ghim Moh Market & Food Centre,596744 Singapore
18374202447,1,18:37:42,19:22:42,60,60,Ghim Moh Market & Food Centre,598368 Singapore
18380502448,1,18:38:05,19:23:05,60,60,Bukit Timah Market & Food Centre,288974 Singapore
18381402449,1,18:38:14,19:23:14,60,60,Bukit Timah Market & Food Centre,598728 Singapore
18382302450,1,18:38:23,19:23:23,60,60,Bukit Timah Market & Food Centre,670167 Singapore
18382502451,1,18:38:25,19:23:25,60,60,Ghim Moh Market & Food Centre,596288 Singapore
18384002452,1,18:38:40,19:23:40,60,60,Alexandra Village Food Centre,138638 Singapore
18390002453,1,18:39:00,19:24:00,60,60,Ghim Moh Market & Food Centre,266224 Singapore
18391402454,1,18:39:14,19:24:14,60,60,Alexandra Village Food Centre,159028 Singapore
18394002455,1,18:39:40,19:24:40,60,60,Alexandra Village Food Centre,278535 Singapore
18394602456,1,18:39:46,19:24:46,60,60,Bukit Timah Market & Food Centre,598738 Singapore
18402102457,1,18:40:21,19:25:21,60,60,Alexandra Village Food Centre,289900 Singapore
18403002458,1,18:40:30,19:25:30,60,60,Alexandra Village Food Centre,299204 Singapore
18410302459,1,18:41:03,19:26:03,60,60,Bukit Timah Market & Food Centre,267671 Singapore
18410302460,1,18:41:03,19:26:03,60,60,Alexandra Village Food Centre,269608 Singapore
18410602461,1,18:41:06,19:26:06,60,60,Alexandra Village Food Centre,117756 Singapore
18410802462,1,18:41:08,19:26:08,60,60,Alexandra Village Food Centre,117481 Singapore
18411102463,1,18:41:11,19:26:11,60,60,Bukit Timah Market & Food Centre,678273 Singapore
18412702464,1,18:41:27,19:26:27,60,60,Alexandra Village Food Centre,266740 Singapore
18414202465,1,18:41:42,19:26:42,60,60,Alexandra Village Food Centre,119098 Singapore
18421302466,1,18:42:13,19:27:13,60,60,Ghim Moh Market & Food Centre,589651 Singapore
18421402467,1,18:42:14,19:27:14,60,60,Ghim Moh Market & Food Centre,140089 Singapore
18421402468,1,18:42:14,19:27:14,60,60,Alexandra Village Food Centre,138638 Singapore
18423902469,1,18:42:39,19:27:39,60,60,Alexandra Village Food Centre,270004 Singapore
18431602470,1,18:43:16,19:28:16,60,60,Alexandra Village Food Centre,271022 Singapore
18432902471,1,18:43:29,19:28:29,60,60,Bukit Timah Market & Food Centre,650325 Singapore
18432902472,1,18:43:29,19:28:29,60,60,Bukit Timah Market & Food Centre,670239 Singapore
18434402473,1,18:43:44,19:28:44,60,60,Alexandra Village Food Centre,275789 Singapore
18440202474,1,18:44:02,19:29:02,60,60,Alexandra Village Food Centre,142061 Singapore
18441402475,1,18:44:14,19:29:14,60,60,Ghim Moh Market & Food Centre,120304 Singapore
18441902476,1,18:44:19,19:29:19,60,60,Alexandra Village Food Centre,141086 Singapore
18442902477,1,18:44:29,19:29:29,60,60,Ghim Moh Market & Food Centre,118504 Singapore
18443802478,1,18:44:38,19:29:38,60,60,Ghim Moh Market & Food Centre,130027 Singapore
18444202479,1,18:44:42,19:29:42,60,60,Ghim Moh Market & Food Centre,288433 Singapore
18450902480,1,18:45:09,19:30:09,60,60,Bukit Timah Market & Food Centre,678087 Singapore
18451502481,1,18:45:15,19:30:15,60,60,Alexandra Village Food Centre,266228 Singapore
18451902482,1,18:45:19,19:30:19,60,60,Alexandra Village Food Centre,149382 Singapore
18453102483,1,18:45:31,19:30:31,60,60,Alexandra Village Food Centre,126810 Singapore
18454102484,1,18:45:41,19:30:41,60,60,Alexandra Village Food Centre,117468 Singapore
18455402485,1,18:45:54,19:30:54,60,60,Bukit Timah Market & Food Centre,258815 Singapore
18461102486,1,18:46:11,19:31:11,60,60,Bukit Timah Market & Food Centre,597090 Singapore
18472402487,1,18:47:24,19:32:24,60,60,Ghim Moh Market & Food Centre,158741 Singapore
18472802488,1,18:47:28,19:32:28,60,60,Ghim Moh Market & Food Centre,271032 Singapore
18474102489,1,18:47:41,19:32:41,60,60,Bukit Timah Market & Food Centre,288058 Singapore
18474302490,1,18:47:43,19:32:43,60,60,Bukit Timah Market & Food Centre,258853 Singapore
18482202491,1,18:48:22,19:33:22,60,60,Bukit Timah Market & Food Centre,650361 Singapore
18483702492,1,18:48:37,19:33:37,60,60,Bukit Timah Market & Food Centre,267955 Singapore
18483702493,1,18:48:37,19:33:37,60,60,Bukit Timah Market & Food Centre,650266 Singapore
18483902494,1,18:48:39,19:33:39,60,60,Alexandra Village Food Centre,142053 Singapore
18490402495,1,18:49:04,19:34:04,60,60,Ghim Moh Market & Food Centre,143061 Singapore
18491302496,1,18:49:13,19:34:13,60,60,Bukit Timah Market & Food Centre,598309 Singapore
18492202497,1,18:49:22,19:34:22,60,60,Bukit Timah Market & Food Centre,670275 Singapore
18492802498,1,18:49:28,19:34:28,60,60,Alexandra Village Food Centre,138507 Singapore
18493402499,1,18:49:34,19:34:34,60,60,Alexandra Village Food Centre,117422 Singapore
18494802500,1,18:49:48,19:34:48,60,60,Bukit Timah Market & Food Centre,267671 Singapore
18501402501,1,18:50:14,19:35:14,60,60,Alexandra Village Food Centre,269612 Singapore
18502302502,1,18:50:23,19:35:23,60,60,Bukit Timah Market & Food Centre,650408 Singapore
18503202503,1,18:50:32,19:35:32,60,60,Bukit Timah Market & Food Centre,589624 Singapore
18503302504,1,18:50:33,19:35:33,60,60,Ghim Moh Market & Food Centre,120416 Singapore
18505702505,1,18:50:57,19:35:57,60,60,Bukit Timah Market & Food Centre,670163 Singapore
18510202506,1,18:51:02,19:36:02,60,60,Bukit Timah Market & Food Centre,259281 Singapore
18511502507,1,18:51:15,19:36:15,60,60,Bukit Timah Market & Food Centre,650267 Singapore
18520502508,1,18:52:05,19:37:05,60,60,Bukit Timah Market & Food Centre,679670 Singapore
18520802509,1,18:52:08,19:37:08,60,60,Alexandra Village Food Centre,267953 Singapore
18521802510,1,18:52:18,19:37:18,60,60,Alexandra Village Food Centre,140143 Singapore
18521802511,1,18:52:18,19:37:18,60,60,Alexandra Village Food Centre,269187 Singapore
18523002512,1,18:52:30,19:37:30,60,60,Ghim Moh Market & Food Centre,118892 Singapore
18524502513,1,18:52:45,19:37:45,60,60,Bukit Timah Market & Food Centre,659244 Singapore
18524602514,1,18:52:46,19:37:46,60,60,Bukit Timah Market & Food Centre,266247 Singapore
18525002515,1,18:52:50,19:37:50,60,60,Bukit Timah Market & Food Centre,650406 Singapore
18525202516,1,18:52:52,19:37:52,60,60,Alexandra Village Food Centre,158744 Singapore
18525602517,1,18:52:56,19:37:56,60,60,Alexandra Village Food Centre,138648 Singapore
18535102518,1,18:53:51,19:38:51,60,60,Bukit Timah Market & Food Centre,596195 Singapore
18540002519,1,18:54:00,19:39:00,60,60,Bukit Timah Market & Food Centre,276305 Singapore
18540602520,1,18:54:06,19:39:06,60,60,Alexandra Village Food Centre,279809 Singapore
18541002521,1,18:54:10,19:39:10,60,60,Alexandra Village Food Centre,140064 Singapore
18541602522,1,18:54:16,19:39:16,60,60,Bukit Timah Market & Food Centre,597653 Singapore
18542702523,1,18:54:27,19:39:27,60,60,Alexandra Village Food Centre,130003 Singapore
18550402524,1,18:55:04,19:40:04,60,60,Bukit Timah Market & Food Centre,289886 Singapore
18550902525,1,18:55:09,19:40:09,60,60,Ghim Moh Market & Food Centre,142050 Singapore
18553602526,1,18:55:36,19:40:36,60,60,Bukit Timah Market & Food Centre,653293 Singapore
18560002527,1,18:56:00,19:41:00,60,60,Alexandra Village Food Centre,271032 Singapore
18561402528,1,18:56:14,19:41:14,60,60,Bukit Timah Market & Food Centre,598678 Singapore
18563702529,1,18:56:37,19:41:37,60,60,Bukit Timah Market & Food Centre,651447 Singapore
18570602530,1,18:57:06,19:42:06,60,60,Alexandra Village Food Centre,138637 Singapore
18571102531,1,18:57:11,19:42:11,60,60,Bukit Timah Market & Food Centre,271003 Singapore
18571402532,1,18:57:14,19:42:14,60,60,Alexandra Village Food Centre,130017 Singapore
18575202533,1,18:57:52,19:42:52,60,60,Alexandra Village Food Centre,286708 Singapore
18581202534,1,18:58:12,19:43:12,60,60,Alexandra Village Food Centre,150117 Singapore
18592202535,1,18:59:22,19:44:22,60,60,Alexandra Village Food Centre,159028 Singapore
18592702536,1,18:59:27,19:44:27,60,60,Ghim Moh Market & Food Centre,267953 Singapore
18595302537,1,18:59:53,19:44:53,60,60,Alexandra Village Food Centre,119098 Singapore
19004202538,1,19:00:42,19:45:42,60,60,Alexandra Village Food Centre,118136 Singapore
19010702539,1,19:01:07,19:46:07,60,60,Ghim Moh Market & Food Centre,117482 Singapore
19011502540,1,19:01:15,19:46:15,60,60,Alexandra Village Food Centre,118136 Singapore
19013102541,1,19:01:31,19:46:31,60,60,Alexandra Village Food Centre,120414 Singapore
19014602542,1,19:01:46,19:46:46,60,60,Alexandra Village Food Centre,141089 Singapore
19014902543,1,19:01:49,19:46:49,60,60,Ghim Moh Market & Food Centre,120416 Singapore
19014902544,1,19:01:49,19:46:49,60,60,Alexandra Village Food Centre,270040 Singapore
19020002545,1,19:02:00,19:47:00,60,60,Alexandra Village Food Centre,298067 Singapore
19021002546,1,19:02:10,19:47:10,60,60,Bukit Timah Market & Food Centre,668328 Singapore
19021502547,1,19:02:15,19:47:15,60,60,Alexandra Village Food Centre,276126 Singapore
19022502548,1,19:02:25,19:47:25,60,60,Bukit Timah Market & Food Centre,597090 Singapore
19025202549,1,19:02:52,19:47:52,60,60,Bukit Timah Market & Food Centre,267951 Singapore
19030202550,1,19:03:02,19:48:02,60,60,Bukit Timah Market & Food Centre,589488 Singapore
19031602551,1,19:03:16,19:48:16,60,60,Bukit Timah Market & Food Centre,667978 Singapore
19033202552,1,19:03:32,19:48:32,60,60,Bukit Timah Market & Food Centre,598728 Singapore
19034402553,1,19:03:44,19:48:44,60,60,Bukit Timah Market & Food Centre,679672 Singapore
19040702554,1,19:04:07,19:49:07,60,60,Bukit Timah Market & Food Centre,679125 Singapore
19041002555,1,19:04:10,19:49:10,60,60,Alexandra Village Food Centre,140165 Singapore
19041702556,1,19:04:17,19:49:17,60,60,Ghim Moh Market & Food Centre,127022 Singapore
19042502557,1,19:04:25,19:49:25,60,60,Ghim Moh Market & Food Centre,120416 Singapore
19051302558,1,19:05:13,19:50:13,60,60,Bukit Timah Market & Food Centre,678183 Singapore
19051402559,1,19:05:14,19:50:14,60,60,Bukit Timah Market & Food Centre,667981 Singapore
19052302560,1,19:05:23,19:50:23,60,60,Ghim Moh Market & Food Centre,267955 Singapore
19055102561,1,19:05:51,19:50:51,60,60,Ghim Moh Market & Food Centre,141052 Singapore
19060902562,1,19:06:09,19:51:09,60,60,Alexandra Village Food Centre,118699 Singapore
19062902563,1,19:06:29,19:51:29,60,60,Alexandra Village Food Centre,260004 Singapore
19063302564,1,19:06:33,19:51:33,60,60,Alexandra Village Food Centre,269632 Singapore
19063302565,1,19:06:33,19:51:33,60,60,Ghim Moh Market & Food Centre,267612 Singapore
19064802566,1,19:06:48,19:51:48,60,60,Bukit Timah Market & Food Centre,653442 Singapore
19065502567,1,19:06:55,19:51:55,60,60,Alexandra Village Food Centre,289900 Singapore
19073602568,1,19:07:36,19:52:36,60,60,Alexandra Village Food Centre,158746 Singapore
19074202569,1,19:07:42,19:52:42,60,60,Ghim Moh Market & Food Centre,117468 Singapore
19074502570,1,19:07:45,19:52:45,60,60,Alexandra Village Food Centre,159022 Singapore
19075902571,1,19:07:59,19:52:59,60,60,Alexandra Village Food Centre,140152 Singapore
19084202572,1,19:08:42,19:53:42,60,60,Bukit Timah Market & Food Centre,267341 Singapore
19084302573,1,19:08:43,19:53:43,60,60,Alexandra Village Food Centre,267953 Singapore
19084702574,1,19:08:47,19:53:47,60,60,Ghim Moh Market & Food Centre,149456 Singapore
19085002575,1,19:08:50,19:53:50,60,60,Alexandra Village Food Centre,149457 Singapore
19091302576,1,19:09:13,19:54:13,60,60,Alexandra Village Food Centre,278698 Singapore
19093102577,1,19:09:31,19:54:31,60,60,Bukit Timah Market & Food Centre,269116 Singapore
19095502578,1,19:09:55,19:54:55,60,60,Bukit Timah Market & Food Centre,269198 Singapore
19095902579,1,19:09:59,19:54:59,60,60,Alexandra Village Food Centre,118136 Singapore
19101202580,1,19:10:12,19:55:12,60,60,Bukit Timah Market & Food Centre,670167 Singapore
19103102581,1,19:10:31,19:55:31,60,60,Alexandra Village Food Centre,159545 Singapore
19103402582,1,19:10:34,19:55:34,60,60,Alexandra Village Food Centre,118136 Singapore
19104102583,1,19:10:41,19:55:41,60,60,Alexandra Village Food Centre,278731 Singapore
19105202584,1,19:10:52,19:55:52,60,60,Ghim Moh Market & Food Centre,299888 Singapore
19111502585,1,19:11:15,19:56:15,60,60,Bukit Timah Market & Food Centre,587849 Singapore
19112702586,1,19:11:27,19:56:27,60,60,Bukit Timah Market & Food Centre,650512 Singapore
19113702587,1,19:11:37,19:56:37,60,60,Ghim Moh Market & Food Centre,609926 Singapore
19114502588,1,19:11:45,19:56:45,60,60,Bukit Timah Market & Food Centre,667980 Singapore
19114502589,1,19:11:45,19:56:45,60,60,Ghim Moh Market & Food Centre,142061 Singapore
19115002590,1,19:11:50,19:56:50,60,60,Bukit Timah Market & Food Centre,650393 Singapore
19122602591,1,19:12:26,19:57:26,60,60,Alexandra Village Food Centre,141052 Singapore
19124502592,1,19:12:45,19:57:45,60,60,Alexandra Village Food Centre,118136 Singapore
19125502593,1,19:12:55,19:57:55,60,60,Bukit Timah Market & Food Centre,266744 Singapore
19130302594,1,19:13:03,19:58:03,60,60,Alexandra Village Food Centre,120410 Singapore
19132602595,1,19:13:26,19:58:26,60,60,Ghim Moh Market & Food Centre,600408 Singapore
19132802596,1,19:13:28,19:58:28,60,60,Ghim Moh Market & Food Centre,288435 Singapore
19134402597,1,19:13:44,19:58:44,60,60,Ghim Moh Market & Food Centre,287995 Singapore
19142302598,1,19:14:23,19:59:23,60,60,Bukit Timah Market & Food Centre,652296 Singapore
19145202599,1,19:14:52,19:59:52,60,60,Ghim Moh Market & Food Centre,598368 Singapore
19151502600,1,19:15:15,20:00:15,60,60,Ghim Moh Market & Food Centre,267954 Singapore
19155502601,1,19:15:55,20:00:55,60,60,Ghim Moh Market & Food Centre,130003 Singapore
19164902602,1,19:16:49,20:01:49,60,60,Alexandra Village Food Centre,268215 Singapore
19165702603,1,19:16:57,20:01:57,60,60,Bukit Timah Market & Food Centre,650621 Singapore
19170702604,1,19:17:07,20:02:07,60,60,Ghim Moh Market & Food Centre,140051 Singapore
19172802605,1,19:17:28,20:02:28,60,60,Bukit Timah Market & Food Centre,279883 Singapore
19173202606,1,19:17:32,20:02:32,60,60,Bukit Timah Market & Food Centre,678948 Singapore
19173402607,1,19:17:34,20:02:34,60,60,Ghim Moh Market & Food Centre,117468 Singapore
19174502608,1,19:17:45,20:02:45,60,60,Ghim Moh Market & Food Centre,140023 Singapore
19183402609,1,19:18:34,20:03:34,60,60,Bukit Timah Market & Food Centre,650410 Singapore
19184202610,1,19:18:42,20:03:42,60,60,Alexandra Village Food Centre,159025 Singapore
19184402611,1,19:18:44,20:03:44,60,60,Alexandra Village Food Centre,149457 Singapore
19184702612,1,19:18:47,20:03:47,60,60,Bukit Timah Market & Food Centre,650188 Singapore
19184902613,1,19:18:49,20:03:49,60,60,Bukit Timah Market & Food Centre,276308 Singapore
19192202614,1,19:19:22,20:04:22,60,60,Ghim Moh Market & Food Centre,598077 Singapore
19192602615,1,19:19:26,20:04:26,60,60,Alexandra Village Food Centre,289900 Singapore
19193202616,1,19:19:32,20:04:32,60,60,Bukit Timah Market & Food Centre,266242 Singapore
19200102617,1,19:20:01,20:05:01,60,60,Alexandra Village Food Centre,141089 Singapore
19200302618,1,19:20:03,20:05:03,60,60,Alexandra Village Food Centre,138686 Singapore
19200402619,1,19:20:04,20:05:04,60,60,Bukit Timah Market & Food Centre,278535 Singapore
19204702620,1,19:20:47,20:05:47,60,60,Alexandra Village Food Centre,120425 Singapore
19204802621,1,19:20:48,20:05:48,60,60,Alexandra Village Food Centre,138638 Singapore
19213702622,1,19:21:37,20:06:37,60,60,Bukit Timah Market & Food Centre,650542 Singapore
19214602623,1,19:21:46,20:06:46,60,60,Alexandra Village Food Centre,117481 Singapore
19220202624,1,19:22:02,20:07:02,60,60,Bukit Timah Market & Food Centre,653448 Singapore
19221502625,1,19:22:15,20:07:15,60,60,Bukit Timah Market & Food Centre,678273 Singapore
19224702626,1,19:22:47,20:07:47,60,60,Bukit Timah Market & Food Centre,277606 Singapore
19235702627,1,19:23:57,20:08:57,60,60,Bukit Timah Market & Food Centre,587849 Singapore
19235902628,1,19:23:59,20:08:59,60,60,Bukit Timah Market & Food Centre,287534 Singapore
19240102629,1,19:24:01,20:09:01,60,60,Bukit Timah Market & Food Centre,670170 Singapore
19244502630,1,19:24:45,20:09:45,60,60,Alexandra Village Food Centre,126810 Singapore
19252902631,1,19:25:29,20:10:29,60,60,Alexandra Village Food Centre,267612 Singapore
19253602632,1,19:25:36,20:10:36,60,60,Alexandra Village Food Centre,159944 Singapore
19253702633,1,19:25:37,20:10:37,60,60,Alexandra Village Food Centre,286655 Singapore
19253802634,1,19:25:38,20:10:38,60,60,Ghim Moh Market & Food Centre,597626 Singapore
19253902635,1,19:25:39,20:10:39,60,60,Ghim Moh Market & Food Centre,597159 Singapore
19255302636,1,19:25:53,20:10:53,60,60,Bukit Timah Market & Food Centre,670216 Singapore
19255302637,1,19:25:53,20:10:53,60,60,Bukit Timah Market & Food Centre,270033 Singapore
19260902638,1,19:26:09,20:11:09,60,60,Ghim Moh Market & Food Centre,141087 Singapore
19261602639,1,19:26:16,20:11:16,60,60,Ghim Moh Market & Food Centre,276562 Singapore
19265602640,1,19:26:56,20:11:56,60,60,Alexandra Village Food Centre,159028 Singapore
19265702641,1,19:26:57,20:11:57,60,60,Ghim Moh Market & Food Centre,289886 Singapore
19270502642,1,19:27:05,20:12:05,60,60,Bukit Timah Market & Food Centre,598752 Singapore
19271202643,1,19:27:12,20:12:12,60,60,Bukit Timah Market & Food Centre,652296 Singapore
19272202644,1,19:27:22,20:12:22,60,60,Alexandra Village Food Centre,119098 Singapore
19272202645,1,19:27:22,20:12:22,60,60,Bukit Timah Market & Food Centre,279649 Singapore
19274402646,1,19:27:44,20:12:44,60,60,Bukit Timah Market & Food Centre,650190 Singapore
19275602647,1,19:27:56,20:12:56,60,60,Ghim Moh Market & Food Centre,120519 Singapore
19275902648,1,19:27:59,20:12:59,60,60,Alexandra Village Food Centre,130021 Singapore
19283602649,1,19:28:36,20:13:36,60,60,Ghim Moh Market & Food Centre,159028 Singapore
19284902650,1,19:28:49,20:13:49,60,60,Alexandra Village Food Centre,268535 Singapore
19290502651,1,19:29:05,20:14:05,60,60,Ghim Moh Market & Food Centre,267953 Singapore
19291902652,1,19:29:19,20:14:19,60,60,Bukit Timah Market & Food Centre,286708 Singapore
19294002653,1,19:29:40,20:14:40,60,60,Alexandra Village Food Centre,270029 Singapore
19302102654,1,19:30:21,20:15:21,60,60,Bukit Timah Market & Food Centre,279649 Singapore
19310402655,1,19:31:04,20:16:04,60,60,Bukit Timah Market & Food Centre,669581 Singapore
19311102656,1,19:31:11,20:16:11,60,60,Alexandra Village Food Centre,126816 Singapore
19311702657,1,19:31:17,20:16:17,60,60,Bukit Timah Market & Food Centre,266744 Singapore
19312802658,1,19:31:28,20:16:28,60,60,Alexandra Village Food Centre,140056 Singapore
19315002659,1,19:31:50,20:16:50,60,60,Bukit Timah Market & Food Centre,289843 Singapore
19323202660,1,19:32:32,20:17:32,60,60,Ghim Moh Market & Food Centre,271032 Singapore
19325702661,1,19:32:57,20:17:57,60,60,Ghim Moh Market & Food Centre,597090 Singapore
19331302662,1,19:33:13,20:18:13,60,60,Bukit Timah Market & Food Centre,587849 Singapore
19331902663,1,19:33:19,20:18:19,60,60,Bukit Timah Market & Food Centre,669612 Singapore
19332702664,1,19:33:27,20:18:27,60,60,Ghim Moh Market & Food Centre,117381 Singapore
19333002665,1,19:33:30,20:18:30,60,60,Alexandra Village Food Centre,128040 Singapore
19333202666,1,19:33:32,20:18:32,60,60,Bukit Timah Market & Food Centre,267748 Singapore
19335502667,1,19:33:55,20:18:55,60,60,Bukit Timah Market & Food Centre,679522 Singapore
19341402668,1,19:34:14,20:19:14,60,60,Alexandra Village Food Centre,158744 Singapore
19343402669,1,19:34:34,20:19:34,60,60,Bukit Timah Market & Food Centre,650628 Singapore
19344902670,1,19:34:49,20:19:49,60,60,Alexandra Village Food Centre,140081 Singapore
19345002671,1,19:34:50,20:19:50,60,60,Bukit Timah Market & Food Centre,653442 Singapore
19350702672,1,19:35:07,20:20:07,60,60,Bukit Timah Market & Food Centre,669590 Singapore
19351102673,1,19:35:11,20:20:11,60,60,Bukit Timah Market & Food Centre,651293 Singapore
19351802674,1,19:35:18,20:20:18,60,60,Bukit Timah Market & Food Centre,271021 Singapore
19353302675,1,19:35:33,20:20:33,60,60,Alexandra Village Food Centre,138638 Singapore
19363202676,1,19:36:32,20:21:32,60,60,Bukit Timah Market & Food Centre,650410 Singapore
19363902677,1,19:36:39,20:21:39,60,60,Bukit Timah Market & Food Centre,270032 Singapore
19364902678,1,19:36:49,20:21:49,60,60,Alexandra Village Food Centre,140056 Singapore
19365402679,1,19:36:54,20:21:54,60,60,Alexandra Village Food Centre,138684 Singapore
19371402680,1,19:37:14,20:22:14,60,60,Bukit Timah Market & Food Centre,288383 Singapore
19372202681,1,19:37:22,20:22:22,60,60,Ghim Moh Market & Food Centre,118166 Singapore
19375202682,1,19:37:52,20:22:52,60,60,Bukit Timah Market & Food Centre,679695 Singapore
19383202683,1,19:38:32,20:23:32,60,60,Alexandra Village Food Centre,266462 Singapore
19383302684,1,19:38:33,20:23:33,60,60,Alexandra Village Food Centre,138684 Singapore
19385002685,1,19:38:50,20:23:50,60,60,Alexandra Village Food Centre,132028 Singapore
19390102686,1,19:39:01,20:24:01,60,60,Ghim Moh Market & Food Centre,128046 Singapore
19390402687,1,19:39:04,20:24:04,60,60,Alexandra Village Food Centre,270001 Singapore
19390902688,1,19:39:09,20:24:09,60,60,Ghim Moh Market & Food Centre,597158 Singapore
19404402689,1,19:40:44,20:25:44,60,60,Bukit Timah Market & Food Centre,596745 Singapore
19405102690,1,19:40:51,20:25:51,60,60,Ghim Moh Market & Food Centre,278702 Singapore
19411402691,1,19:41:14,20:26:14,60,60,Alexandra Village Food Centre,120411 Singapore
19413202692,1,19:41:32,20:26:32,60,60,Alexandra Village Food Centre,158744 Singapore
19413702693,1,19:41:37,20:26:37,60,60,Alexandra Village Food Centre,267955 Singapore
19415902694,1,19:41:59,20:26:59,60,60,Alexandra Village Food Centre,267954 Singapore
19420102695,1,19:42:01,20:27:01,60,60,Bukit Timah Market & Food Centre,589487 Singapore
19420302696,1,19:42:03,20:27:03,60,60,Alexandra Village Food Centre,268844 Singapore
19420802697,1,19:42:08,20:27:08,60,60,Alexandra Village Food Centre,267379 Singapore
19422502698,1,19:42:25,20:27:25,60,60,Ghim Moh Market & Food Centre,122445 Singapore
19425902699,1,19:42:59,20:27:59,60,60,Alexandra Village Food Centre,268215 Singapore
19430302700,1,19:43:03,20:28:03,60,60,Alexandra Village Food Centre,118668 Singapore
19431102701,1,19:43:11,20:28:11,60,60,Ghim Moh Market & Food Centre,597626 Singapore
19431302702,1,19:43:13,20:28:13,60,60,Ghim Moh Market & Food Centre,122311 Singapore
19432102703,1,19:43:21,20:28:21,60,60,Ghim Moh Market & Food Centre,127140 Singapore
19432802704,1,19:43:28,20:28:28,60,60,Alexandra Village Food Centre,159022 Singapore
19433002705,1,19:43:30,20:28:30,60,60,Ghim Moh Market & Food Centre,141092 Singapore
19435402706,1,19:43:54,20:28:54,60,60,Alexandra Village Food Centre,138507 Singapore
19441302707,1,19:44:13,20:29:13,60,60,Alexandra Village Food Centre,142091 Singapore
19441902708,1,19:44:19,20:29:19,60,60,Bukit Timah Market & Food Centre,588151 Singapore
19442802709,1,19:44:28,20:29:28,60,60,Ghim Moh Market & Food Centre,599094 Singapore
19443602710,1,19:44:36,20:29:36,60,60,Bukit Timah Market & Food Centre,596229 Singapore
19444002711,1,19:44:40,20:29:40,60,60,Bukit Timah Market & Food Centre,650627 Singapore
19450702712,1,19:45:07,20:30:07,60,60,Alexandra Village Food Centre,138678 Singapore
19451502713,1,19:45:15,20:30:15,60,60,Bukit Timah Market & Food Centre,652296 Singapore
19451902714,1,19:45:19,20:30:19,60,60,Bukit Timah Market & Food Centre,669559 Singapore
19452802715,1,19:45:28,20:30:28,60,60,Bukit Timah Market & Food Centre,266247 Singapore
19453102716,1,19:45:31,20:30:31,60,60,Alexandra Village Food Centre,142062 Singapore
19453302717,1,19:45:33,20:30:33,60,60,Ghim Moh Market & Food Centre,141096 Singapore
19454102718,1,19:45:41,20:30:41,60,60,Ghim Moh Market & Food Centre,118108 Singapore
19454302719,1,19:45:43,20:30:43,60,60,Alexandra Village Food Centre,272018 Singapore
19463502720,1,19:46:35,20:31:35,60,60,Bukit Timah Market & Food Centre,653292 Singapore
19471102721,1,19:47:11,20:32:11,60,60,Ghim Moh Market & Food Centre,589660 Singapore
19472502722,1,19:47:25,20:32:25,60,60,Bukit Timah Market & Food Centre,650229 Singapore
19472802723,1,19:47:28,20:32:28,60,60,Ghim Moh Market & Food Centre,270028 Singapore
19473002724,1,19:47:30,20:32:30,60,60,Alexandra Village Food Centre,150118 Singapore
19474502725,1,19:47:45,20:32:45,60,60,Alexandra Village Food Centre,117686 Singapore
19475202726,1,19:47:52,20:32:52,60,60,Alexandra Village Food Centre,117468 Singapore
19480802727,1,19:48:08,20:33:08,60,60,Alexandra Village Food Centre,266740 Singapore
19481002728,1,19:48:10,20:33:10,60,60,Bukit Timah Market & Food Centre,597627 Singapore
19481502729,1,19:48:15,20:33:15,60,60,Ghim Moh Market & Food Centre,597392 Singapore
19485602730,1,19:48:56,20:33:56,60,60,Bukit Timah Market & Food Centre,678949 Singapore
19491002731,1,19:49:10,20:34:10,60,60,Bukit Timah Market & Food Centre,587978 Singapore
19493702732,1,19:49:37,20:34:37,60,60,Bukit Timah Market & Food Centre,653448 Singapore
19494702733,1,19:49:47,20:34:47,60,60,Bukit Timah Market & Food Centre,669614 Singapore
19502502734,1,19:50:25,20:35:25,60,60,Bukit Timah Market & Food Centre,596183 Singapore
19510402735,1,19:51:04,20:36:04,60,60,Alexandra Village Food Centre,140048 Singapore
19510602736,1,19:51:06,20:36:06,60,60,Alexandra Village Food Centre,149739 Singapore
19511702737,1,19:51:17,20:36:17,60,60,Ghim Moh Market & Food Centre,138601 Singapore
19520702738,1,19:52:07,20:37:07,60,60,Bukit Timah Market & Food Centre,267671 Singapore
19530902739,1,19:53:09,20:38:09,60,60,Alexandra Village Food Centre,141090 Singapore
19531302740,1,19:53:13,20:38:13,60,60,Ghim Moh Market & Food Centre,271011 Singapore
19535102741,1,19:53:51,20:38:51,60,60,Ghim Moh Market & Food Centre,266247 Singapore
19535202742,1,19:53:52,20:38:52,60,60,Bukit Timah Market & Food Centre,678949 Singapore
19535502743,1,19:53:55,20:38:55,60,60,Alexandra Village Food Centre,149739 Singapore
19543902744,1,19:54:39,20:39:39,60,60,Alexandra Village Food Centre,279538 Singapore
19544802745,1,19:54:48,20:39:48,60,60,Alexandra Village Food Centre,130013 Singapore
19545802746,1,19:54:58,20:39:58,60,60,Bukit Timah Market & Food Centre,650385 Singapore
19550202747,1,19:55:02,20:40:02,60,60,Bukit Timah Market & Food Centre,670184 Singapore
19550302748,1,19:55:03,20:40:03,60,60,Alexandra Village Food Centre,269728 Singapore
19550502749,1,19:55:05,20:40:05,60,60,Bukit Timah Market & Food Centre,258815 Singapore
19550902750,1,19:55:09,20:40:09,60,60,Ghim Moh Market & Food Centre,596730 Singapore
19555302751,1,19:55:53,20:40:53,60,60,Ghim Moh Market & Food Centre,270026 Singapore
19555802752,1,19:55:58,20:40:58,60,60,Bukit Timah Market & Food Centre,267671 Singapore
19560002753,1,19:56:00,20:41:00,60,60,Alexandra Village Food Centre,149457 Singapore
19560702754,1,19:56:07,20:41:07,60,60,Alexandra Village Food Centre,278636 Singapore
19561502755,1,19:56:15,20:41:15,60,60,Alexandra Village Food Centre,150118 Singapore
19562102756,1,19:56:21,20:41:21,60,60,Ghim Moh Market & Food Centre,276698 Singapore
19563002757,1,19:56:30,20:41:30,60,60,Ghim Moh Market & Food Centre,267955 Singapore
19563602758,1,19:56:36,20:41:36,60,60,Ghim Moh Market & Food Centre,127365 Singapore
19563702759,1,19:56:37,20:41:37,60,60,Bukit Timah Market & Food Centre,589488 Singapore
19564402760,1,19:56:44,20:41:44,60,60,Bukit Timah Market & Food Centre,258853 Singapore
19570102761,1,19:57:01,20:42:01,60,60,Alexandra Village Food Centre,159026 Singapore
19570702762,1,19:57:07,20:42:07,60,60,Alexandra Village Food Centre,117425 Singapore
19570902763,1,19:57:09,20:42:09,60,60,Alexandra Village Food Centre,266310 Singapore
19573602764,1,19:57:36,20:42:36,60,60,Ghim Moh Market & Food Centre,122311 Singapore
19580102765,1,19:58:01,20:43:01,60,60,Ghim Moh Market & Food Centre,120508 Singapore
19580702766,1,19:58:07,20:43:07,60,60,Bukit Timah Market & Food Centre,678273 Singapore
19580802767,1,19:58:08,20:43:08,60,60,Bukit Timah Market & Food Centre,651443 Singapore
19581802768,1,19:58:18,20:43:18,60,60,Alexandra Village Food Centre,289900 Singapore
19583702769,1,19:58:37,20:43:37,60,60,Bukit Timah Market & Food Centre,288353 Singapore
19584002770,1,19:58:40,20:43:40,60,60,Alexandra Village Food Centre,271008 Singapore
19584402771,1,19:58:44,20:43:44,60,60,Bukit Timah Market & Food Centre,670107 Singapore
19584602772,1,19:58:46,20:43:46,60,60,Bukit Timah Market & Food Centre,679695 Singapore
19585302773,1,19:58:53,20:43:53,60,60,Bukit Timah Market & Food Centre,670174 Singapore
19585402774,1,19:58:54,20:43:54,60,60,Bukit Timah Market & Food Centre,588196 Singapore
19591802775,1,19:59:18,20:44:18,60,60,Alexandra Village Food Centre,299334 Singapore
19593002776,1,19:59:30,20:44:30,60,60,Bukit Timah Market & Food Centre,272018 Singapore
19594602777,1,19:59:46,20:44:46,60,60,Ghim Moh Market & Food Centre,127513 Singapore
20002702778,1,20:00:27,20:45:27,60,60,Bukit Timah Market & Food Centre,678267 Singapore
20003602779,1,20:00:36,20:45:36,60,60,Ghim Moh Market & Food Centre,266242 Singapore
20010902780,1,20:01:09,20:46:09,60,60,Alexandra Village Food Centre,159028 Singapore
20015502781,1,20:01:55,20:46:55,60,60,Alexandra Village Food Centre,271004 Singapore
20020302782,1,20:02:03,20:47:03,60,60,Alexandra Village Food Centre,269612 Singapore
20020802783,1,20:02:08,20:47:08,60,60,Alexandra Village Food Centre,117686 Singapore
20022002784,1,20:02:20,20:47:20,60,60,Alexandra Village Food Centre,159025 Singapore
20030902785,1,20:03:09,20:48:09,60,60,Bukit Timah Market & Food Centre,669743 Singapore
20032402786,1,20:03:24,20:48:24,60,60,Bukit Timah Market & Food Centre,288353 Singapore
20034002787,1,20:03:40,20:48:40,60,60,Bukit Timah Market & Food Centre,650266 Singapore
20034502788,1,20:03:45,20:48:45,60,60,Bukit Timah Market & Food Centre,677901 Singapore
20040502789,1,20:04:05,20:49:05,60,60,Bukit Timah Market & Food Centre,670275 Singapore
20042202790,1,20:04:22,20:49:22,60,60,Bukit Timah Market & Food Centre,678087 Singapore
20042502791,1,20:04:25,20:49:25,60,60,Ghim Moh Market & Food Centre,140069 Singapore
20043702792,1,20:04:37,20:49:37,60,60,Bukit Timah Market & Food Centre,667980 Singapore
20044302793,1,20:04:43,20:49:43,60,60,Alexandra Village Food Centre,120416 Singapore
20044802794,1,20:04:48,20:49:48,60,60,Bukit Timah Market & Food Centre,669590 Singapore
20052102795,1,20:05:21,20:50:21,60,60,Alexandra Village Food Centre,268848 Singapore
20052202796,1,20:05:22,20:50:22,60,60,Alexandra Village Food Centre,138638 Singapore
20052302797,1,20:05:23,20:50:23,60,60,Alexandra Village Food Centre,159944 Singapore
20052802798,1,20:05:28,20:50:28,60,60,Bukit Timah Market & Food Centre,679695 Singapore
20053702799,1,20:05:37,20:50:37,60,60,Alexandra Village Food Centre,142052 Singapore
20054502800,1,20:05:45,20:50:45,60,60,Bukit Timah Market & Food Centre,288353 Singapore
20054602801,1,20:05:46,20:50:46,60,60,Bukit Timah Market & Food Centre,667981 Singapore
20054902802,1,20:05:49,20:50:49,60,60,Alexandra Village Food Centre,142091 Singapore
20060302803,1,20:06:03,20:51:03,60,60,Bukit Timah Market & Food Centre,269978 Singapore
20061802804,1,20:06:18,20:51:18,60,60,Alexandra Village Food Centre,159938 Singapore
20064002805,1,20:06:40,20:51:40,60,60,Bukit Timah Market & Food Centre,274018 Singapore
20064102806,1,20:06:41,20:51:41,60,60,Ghim Moh Market & Food Centre,267341 Singapore
20070602807,1,20:07:06,20:52:06,60,60,Ghim Moh Market & Food Centre,268360 Singapore
20070802808,1,20:07:08,20:52:08,60,60,Bukit Timah Market & Food Centre,650387 Singapore
20071002809,1,20:07:10,20:52:10,60,60,Bukit Timah Market & Food Centre,652442 Singapore
20072602810,1,20:07:26,20:52:26,60,60,Alexandra Village Food Centre,138638 Singapore
20073502811,1,20:07:35,20:52:35,60,60,Ghim Moh Market & Food Centre,142094 Singapore
20075102812,1,20:07:51,20:52:51,60,60,Ghim Moh Market & Food Centre,287995 Singapore
20075702813,1,20:07:57,20:52:57,60,60,Ghim Moh Market & Food Centre,130027 Singapore
20080202814,1,20:08:02,20:53:02,60,60,Bukit Timah Market & Food Centre,650542 Singapore
20082402815,1,20:08:24,20:53:24,60,60,Alexandra Village Food Centre,275018 Singapore
20083602816,1,20:08:36,20:53:36,60,60,Bukit Timah Market & Food Centre,678186 Singapore
20085002817,1,20:08:50,20:53:50,60,60,Bukit Timah Market & Food Centre,653442 Singapore
20085202818,1,20:08:52,20:53:52,60,60,Ghim Moh Market & Food Centre,592001 Singapore
20090902819,1,20:09:09,20:54:09,60,60,Alexandra Village Food Centre,142091 Singapore
20091502820,1,20:09:15,20:54:15,60,60,Bukit Timah Market & Food Centre,650108 Singapore
20093302821,1,20:09:33,20:54:33,60,60,Bukit Timah Market & Food Centre,650320 Singapore
20115302822,1,20:11:53,20:56:53,60,60,Alexandra Village Food Centre,138638 Singapore
20121802823,1,20:12:18,20:57:18,60,60,Bukit Timah Market & Food Centre,596195 Singapore
20130902824,1,20:13:09,20:58:09,60,60,Alexandra Village Food Centre,299204 Singapore
20130902825,1,20:13:09,20:58:09,60,60,Alexandra Village Food Centre,140021 Singapore
20134202826,1,20:13:42,20:58:42,60,60,Bukit Timah Market & Food Centre,671259 Singapore
20140902827,1,20:14:09,20:59:09,60,60,Alexandra Village Food Centre,138614 Singapore
20141202828,1,20:14:12,20:59:12,60,60,Alexandra Village Food Centre,271006 Singapore
20141702829,1,20:14:17,20:59:17,60,60,Ghim Moh Market & Food Centre,269728 Singapore
20142302830,1,20:14:23,20:59:23,60,60,Alexandra Village Food Centre,120423 Singapore
20151802831,1,20:15:18,21:00:18,60,60,Bukit Timah Market & Food Centre,277051 Singapore
20151802832,1,20:15:18,21:00:18,60,60,Alexandra Village Food Centre,267612 Singapore
20152502833,1,20:15:25,21:00:25,60,60,Alexandra Village Food Centre,120418 Singapore
20155702834,1,20:15:57,21:00:57,60,60,Ghim Moh Market & Food Centre,127140 Singapore
20160702835,1,20:16:07,21:01:07,60,60,Alexandra Village Food Centre,138648 Singapore
20164302836,1,20:16:43,21:01:43,60,60,Ghim Moh Market & Food Centre,130027 Singapore
20170502837,1,20:17:05,21:02:05,60,60,Ghim Moh Market & Food Centre,597158 Singapore
20170702838,1,20:17:07,21:02:07,60,60,Alexandra Village Food Centre,141087 Singapore
20172402839,1,20:17:24,21:02:24,60,60,Bukit Timah Market & Food Centre,652292 Singapore
20175802840,1,20:17:58,21:02:58,60,60,Bukit Timah Market & Food Centre,653460 Singapore
20175902841,1,20:17:59,21:02:59,60,60,Alexandra Village Food Centre,141089 Singapore
20184802842,1,20:18:48,21:03:48,60,60,Alexandra Village Food Centre,138633 Singapore
20191402843,1,20:19:14,21:04:14,60,60,Alexandra Village Food Centre,289902 Singapore
20191802844,1,20:19:18,21:04:18,60,60,Bukit Timah Market & Food Centre,670216 Singapore
20194102845,1,20:19:41,21:04:41,60,60,Alexandra Village Food Centre,140053 Singapore
20195802846,1,20:19:58,21:04:58,60,60,Bukit Timah Market & Food Centre,598731 Singapore
20201502847,1,20:20:15,21:05:15,60,60,Bukit Timah Market & Food Centre,669557 Singapore
20201602848,1,20:20:16,21:05:16,60,60,Bukit Timah Market & Food Centre,670216 Singapore
20201702849,1,20:20:17,21:05:17,60,60,Bukit Timah Market & Food Centre,266665 Singapore
20202202850,1,20:20:22,21:05:22,60,60,Alexandra Village Food Centre,150118 Singapore
20203302851,1,20:20:33,21:05:33,60,60,Alexandra Village Food Centre,148800 Singapore
20203502852,1,20:20:35,21:05:35,60,60,Alexandra Village Food Centre,150118 Singapore
20204002853,1,20:20:40,21:05:40,60,60,Alexandra Village Food Centre,286708 Singapore
20204102854,1,20:20:41,21:05:41,60,60,Alexandra Village Food Centre,128044 Singapore
20205002855,1,20:20:50,21:05:50,60,60,Ghim Moh Market & Food Centre,277003 Singapore
20205102856,1,20:20:51,21:05:51,60,60,Bukit Timah Market & Food Centre,670239 Singapore
20210802857,1,20:21:08,21:06:08,60,60,Alexandra Village Food Centre,141045 Singapore
20211402858,1,20:21:14,21:06:14,60,60,Alexandra Village Food Centre,289900 Singapore
20212102859,1,20:21:21,21:06:21,60,60,Bukit Timah Market & Food Centre,669559 Singapore
20213302860,1,20:21:33,21:06:33,60,60,Alexandra Village Food Centre,142053 Singapore
20214702861,1,20:21:47,21:06:47,60,60,Ghim Moh Market & Food Centre,120306 Singapore
20215002862,1,20:21:50,21:06:50,60,60,Bukit Timah Market & Food Centre,259281 Singapore
20220402863,1,20:22:04,21:07:04,60,60,Bukit Timah Market & Food Centre,258853 Singapore
20225302864,1,20:22:53,21:07:53,60,60,Alexandra Village Food Centre,149457 Singapore
20234502865,1,20:23:45,21:08:45,60,60,Bukit Timah Market & Food Centre,670175 Singapore
20241202866,1,20:24:12,21:09:12,60,60,Bukit Timah Market & Food Centre,651461 Singapore
20242302867,1,20:24:23,21:09:23,60,60,Bukit Timah Market & Food Centre,268799 Singapore
20250402868,1,20:25:04,21:10:04,60,60,Alexandra Village Food Centre,159962 Singapore
20250602869,1,20:25:06,21:10:06,60,60,Ghim Moh Market & Food Centre,138601 Singapore
20251802870,1,20:25:18,21:10:18,60,60,Alexandra Village Food Centre,275871 Singapore
20252602871,1,20:25:26,21:10:26,60,60,Bukit Timah Market & Food Centre,670107 Singapore
20261302872,1,20:26:13,21:11:13,60,60,Ghim Moh Market & Food Centre,120326 Singapore
20263102873,1,20:26:31,21:11:31,60,60,Bukit Timah Market & Food Centre,651194 Singapore
20270402874,1,20:27:04,21:12:04,60,60,Alexandra Village Food Centre,120424 Singapore
20275602875,1,20:27:56,21:12:56,60,60,Bukit Timah Market & Food Centre,650532 Singapore
20275602876,1,20:27:56,21:12:56,60,60,Alexandra Village Food Centre,118136 Singapore
20282402877,1,20:28:24,21:13:24,60,60,Bukit Timah Market & Food Centre,670174 Singapore
20283502878,1,20:28:35,21:13:35,60,60,Bukit Timah Market & Food Centre,650628 Singapore
20284302879,1,20:28:43,21:13:43,60,60,Ghim Moh Market & Food Centre,596745 Singapore
20290802880,1,20:29:08,21:14:08,60,60,Bukit Timah Market & Food Centre,271002 Singapore
20291402881,1,20:29:14,21:14:14,60,60,Bukit Timah Market & Food Centre,287894 Singapore
20301102882,1,20:30:11,21:15:11,60,60,Ghim Moh Market & Food Centre,123311 Singapore
20303102883,1,20:30:31,21:15:31,60,60,Bukit Timah Market & Food Centre,598728 Singapore
20304402884,1,20:30:44,21:15:44,60,60,Bukit Timah Market & Food Centre,267935 Singapore
20311502885,1,20:31:15,21:16:15,60,60,Alexandra Village Food Centre,120414 Singapore
20312402886,1,20:31:24,21:16:24,60,60,Ghim Moh Market & Food Centre,141086 Singapore
20321402887,1,20:32:14,21:17:14,60,60,Alexandra Village Food Centre,158744 Singapore
20323002888,1,20:32:30,21:17:30,60,60,Bukit Timah Market & Food Centre,596183 Singapore
20324302889,1,20:32:43,21:17:43,60,60,Bukit Timah Market & Food Centre,598738 Singapore
20325402890,1,20:32:54,21:17:54,60,60,Alexandra Village Food Centre,158744 Singapore
20330602891,1,20:33:06,21:18:06,60,60,Ghim Moh Market & Food Centre,266313 Singapore
20331702892,1,20:33:17,21:18:17,60,60,Ghim Moh Market & Food Centre,589624 Singapore
20332802893,1,20:33:28,21:18:28,60,60,Ghim Moh Market & Food Centre,277051 Singapore
20340602894,1,20:34:06,21:19:06,60,60,Bukit Timah Market & Food Centre,271013 Singapore
20343402895,1,20:34:34,21:19:34,60,60,Alexandra Village Food Centre,271032 Singapore
20344202896,1,20:34:42,21:19:42,60,60,Alexandra Village Food Centre,138638 Singapore
20345002897,1,20:34:50,21:19:50,60,60,Alexandra Village Food Centre,140053 Singapore
20345702898,1,20:34:57,21:19:57,60,60,Alexandra Village Food Centre,138638 Singapore
20352802899,1,20:35:28,21:20:28,60,60,Bukit Timah Market & Food Centre,679518 Singapore
20353702900,1,20:35:37,21:20:37,60,60,Ghim Moh Market & Food Centre,287995 Singapore
20360502901,1,20:36:05,21:21:05,60,60,Bukit Timah Market & Food Centre,678087 Singapore
20362302902,1,20:36:23,21:21:23,60,60,Bukit Timah Market & Food Centre,679522 Singapore
20363002903,1,20:36:30,21:21:30,60,60,Ghim Moh Market & Food Centre,266838 Singapore
20364202904,1,20:36:42,21:21:42,60,60,Ghim Moh Market & Food Centre,589660 Singapore
20365202905,1,20:36:52,21:21:52,60,60,Ghim Moh Market & Food Centre,272030 Singapore
20370902906,1,20:37:09,21:22:09,60,60,Bukit Timah Market & Food Centre,272009 Singapore
20371102907,1,20:37:11,21:22:11,60,60,Bukit Timah Market & Food Centre,598738 Singapore
20372802908,1,20:37:28,21:22:28,60,60,Bukit Timah Market & Food Centre,653292 Singapore
20373202909,1,20:37:32,21:22:32,60,60,Alexandra Village Food Centre,120410 Singapore
20373402910,1,20:37:34,21:22:34,60,60,Alexandra Village Food Centre,148955 Singapore
20374502911,1,20:37:45,21:22:45,60,60,Bukit Timah Market & Food Centre,657978 Singapore
20375002912,1,20:37:50,21:22:50,60,60,Bukit Timah Market & Food Centre,670184 Singapore
20382202913,1,20:38:22,21:23:22,60,60,Ghim Moh Market & Food Centre,260006 Singapore
20392802914,1,20:39:28,21:24:28,60,60,Alexandra Village Food Centre,159026 Singapore
20400702915,1,20:40:07,21:25:07,60,60,Alexandra Village Food Centre,143062 Singapore
20402602916,1,20:40:26,21:25:26,60,60,Alexandra Village Food Centre,149456 Singapore
20404302917,1,20:40:43,21:25:43,60,60,Ghim Moh Market & Food Centre,596730 Singapore
20404402918,1,20:40:44,21:25:44,60,60,Bukit Timah Market & Food Centre,266782 Singapore
20405102919,1,20:40:51,21:25:51,60,60,Alexandra Village Food Centre,299204 Singapore
20413302920,1,20:41:33,21:26:33,60,60,Alexandra Village Food Centre,117468 Singapore
20414402921,1,20:41:44,21:26:44,60,60,Alexandra Village Food Centre,120610 Singapore
20420202922,1,20:42:02,21:27:02,60,60,Ghim Moh Market & Food Centre,118222 Singapore
20424902923,1,20:42:49,21:27:49,60,60,Bukit Timah Market & Food Centre,669614 Singapore
20431202924,1,20:43:12,21:28:12,60,60,Alexandra Village Food Centre,149740 Singapore
20450402925,1,20:45:04,21:30:04,60,60,Alexandra Village Food Centre,141090 Singapore
20451802926,1,20:45:18,21:30:18,60,60,Alexandra Village Food Centre,267671 Singapore
20452302927,1,20:45:23,21:30:23,60,60,Bukit Timah Market & Food Centre,267671 Singapore
20453602928,1,20:45:36,21:30:36,60,60,Alexandra Village Food Centre,158749 Singapore
20455502929,1,20:45:55,21:30:55,60,60,Bukit Timah Market & Food Centre,260008 Singapore
20460502930,1,20:46:05,21:31:05,60,60,Ghim Moh Market & Food Centre,271011 Singapore
20461302931,1,20:46:13,21:31:13,60,60,Bukit Timah Market & Food Centre,269030 Singapore
20462602932,1,20:46:26,21:31:26,60,60,Alexandra Village Food Centre,279797 Singapore
20462902933,1,20:46:29,21:31:29,60,60,Bukit Timah Market & Food Centre,670184 Singapore
20463502934,1,20:46:35,21:31:35,60,60,Bukit Timah Market & Food Centre,650542 Singapore
20463702935,1,20:46:37,21:31:37,60,60,Bukit Timah Market & Food Centre,588196 Singapore
20464202936,1,20:46:42,21:31:42,60,60,Alexandra Village Food Centre,118571 Singapore
20464702937,1,20:46:47,21:31:47,60,60,Alexandra Village Food Centre,118892 Singapore
20470902938,1,20:47:09,21:32:09,60,60,Alexandra Village Food Centre,299089 Singapore
20472302939,1,20:47:23,21:32:23,60,60,Ghim Moh Market & Food Centre,276231 Singapore
20484302940,1,20:48:43,21:33:43,60,60,Bukit Timah Market & Food Centre,589489 Singapore
20484502941,1,20:48:45,21:33:45,60,60,Ghim Moh Market & Food Centre,589660 Singapore
20484602942,1,20:48:46,21:33:46,60,60,Bukit Timah Market & Food Centre,679695 Singapore
20490002943,1,20:49:00,21:34:00,60,60,Alexandra Village Food Centre,286890 Singapore
20491602944,1,20:49:16,21:34:16,60,60,Bukit Timah Market & Food Centre,589656 Singapore
20493602945,1,20:49:36,21:34:36,60,60,Alexandra Village Food Centre,149739 Singapore
20502802946,1,20:50:28,21:35:28,60,60,Bukit Timah Market & Food Centre,650385 Singapore
20503402947,1,20:50:34,21:35:34,60,60,Ghim Moh Market & Food Centre,140021 Singapore
20514602948,1,20:51:46,21:36:46,60,60,Alexandra Village Food Centre,127450 Singapore
20515302949,1,20:51:53,21:36:53,60,60,Bukit Timah Market & Food Centre,670218 Singapore
20520202950,1,20:52:02,21:37:02,60,60,Alexandra Village Food Centre,118166 Singapore
20520402951,1,20:52:04,21:37:04,60,60,Alexandra Village Food Centre,150118 Singapore
20523302952,1,20:52:33,21:37:33,60,60,Ghim Moh Market & Food Centre,267955 Singapore
20534002953,1,20:53:40,21:38:40,60,60,Bukit Timah Market & Food Centre,679864 Singapore
20535802954,1,20:53:58,21:38:58,60,60,Ghim Moh Market & Food Centre,597610 Singapore
20543802955,1,20:54:38,21:39:38,60,60,Bukit Timah Market & Food Centre,650161 Singapore
20543902956,1,20:54:39,21:39:39,60,60,Alexandra Village Food Centre,138678 Singapore
20544702957,1,20:54:47,21:39:47,60,60,Alexandra Village Food Centre,138643 Singapore
20552502958,1,20:55:25,21:40:25,60,60,Bukit Timah Market & Food Centre,670543 Singapore
20555202959,1,20:55:52,21:40:52,60,60,Bukit Timah Market & Food Centre,650540 Singapore
20555702960,1,20:55:57,21:40:57,60,60,Bukit Timah Market & Food Centre,650122 Singapore
20560102961,1,20:56:01,21:41:01,60,60,Bukit Timah Market & Food Centre,269573 Singapore
20563302962,1,20:56:33,21:41:33,60,60,Ghim Moh Market & Food Centre,129961 Singapore
20570102963,1,20:57:01,21:42:01,60,60,Ghim Moh Market & Food Centre,138565 Singapore
20572402964,1,20:57:24,21:42:24,60,60,Ghim Moh Market & Food Centre,118135 Singapore
20581002965,1,20:58:10,21:43:10,60,60,Bukit Timah Market & Food Centre,259281 Singapore
20584002966,1,20:58:40,21:43:40,60,60,Alexandra Village Food Centre,120723 Singapore
20584602967,1,20:58:46,21:43:46,60,60,Alexandra Village Food Centre,286779 Singapore
20590402968,1,20:59:04,21:44:04,60,60,Bukit Timah Market & Food Centre,588333 Singapore
20592602969,1,20:59:26,21:44:26,60,60,Bukit Timah Market & Food Centre,270013 Singapore
20594002970,1,20:59:40,21:44:40,60,60,Ghim Moh Market & Food Centre,131028 Singapore
20595202971,1,20:59:52,21:44:52,60,60,Ghim Moh Market & Food Centre,272009 Singapore
21003102972,1,21:00:31,21:45:31,60,60,Bukit Timah Market & Food Centre,670216 Singapore
21003402973,1,21:00:34,21:45:34,60,60,Bukit Timah Market & Food Centre,650320 Singapore
21015302974,1,21:01:53,21:46:53,60,60,Alexandra Village Food Centre,276698 Singapore
21020102975,1,21:02:01,21:47:01,60,60,Alexandra Village Food Centre,149740 Singapore
21022102976,1,21:02:21,21:47:21,60,60,Alexandra Village Food Centre,272009 Singapore
21023202977,1,21:02:32,21:47:32,60,60,Alexandra Village Food Centre,277107 Singapore
21023402978,1,21:02:34,21:47:34,60,60,Alexandra Village Food Centre,138638 Singapore
21025102979,1,21:02:51,21:47:51,60,60,Ghim Moh Market & Food Centre,117482 Singapore
21030802980,1,21:03:08,21:48:08,60,60,Bukit Timah Market & Food Centre,276543 Singapore
21032102981,1,21:03:21,21:48:21,60,60,Ghim Moh Market & Food Centre,596738 Singapore
21033402982,1,21:03:34,21:48:34,60,60,Alexandra Village Food Centre,297768 Singapore
21033702983,1,21:03:37,21:48:37,60,60,Bukit Timah Market & Food Centre,650361 Singapore
21034802984,1,21:03:48,21:48:48,60,60,Bukit Timah Market & Food Centre,259251 Singapore
21035002985,1,21:03:50,21:48:50,60,60,Alexandra Village Food Centre,289900 Singapore
21044002986,1,21:04:40,21:49:40,60,60,Alexandra Village Food Centre,267953 Singapore
21045602987,1,21:04:56,21:49:56,60,60,Bukit Timah Market & Food Centre,598738 Singapore
21054302988,1,21:05:43,21:50:43,60,60,Bukit Timah Market & Food Centre,598907 Singapore
21054902989,1,21:05:49,21:50:49,60,60,Bukit Timah Market & Food Centre,266224 Singapore
21060702990,1,21:06:07,21:51:07,60,60,Alexandra Village Food Centre,266224 Singapore
21061802991,1,21:06:18,21:51:18,60,60,Alexandra Village Food Centre,140053 Singapore
21062002992,1,21:06:20,21:51:20,60,60,Alexandra Village Food Centre,141079 Singapore
21065902993,1,21:06:59,21:51:59,60,60,Alexandra Village Food Centre,260004 Singapore
21070802994,1,21:07:08,21:52:08,60,60,Ghim Moh Market & Food Centre,130018 Singapore
21071702995,1,21:07:17,21:52:17,60,60,Alexandra Village Food Centre,279797 Singapore
21090202996,1,21:09:02,21:54:02,60,60,Bukit Timah Market & Food Centre,587978 Singapore
21090302997,1,21:09:03,21:54:03,60,60,Bukit Timah Market & Food Centre,670174 Singapore
21090802998,1,21:09:08,21:54:08,60,60,Alexandra Village Food Centre,142091 Singapore
21090802999,1,21:09:08,21:54:08,60,60,Ghim Moh Market & Food Centre,127161 Singapore
21093703000,1,21:09:37,21:54:37,60,60,Bukit Timah Market & Food Centre,653439 Singapore
21100203001,1,21:10:02,21:55:02,60,60,Bukit Timah Market & Food Centre,652451 Singapore
21100203002,1,21:10:02,21:55:02,60,60,Alexandra Village Food Centre,140171 Singapore
21111903003,1,21:11:19,21:56:19,60,60,Bukit Timah Market & Food Centre,670180 Singapore
21113103004,1,21:11:31,21:56:31,60,60,Bukit Timah Market & Food Centre,670148 Singapore
21115003005,1,21:11:50,21:56:50,60,60,Alexandra Village Food Centre,120418 Singapore
21121903006,1,21:12:19,21:57:19,60,60,Bukit Timah Market & Food Centre,679519 Singapore
21125903007,1,21:12:59,21:57:59,60,60,Bukit Timah Market & Food Centre,651296 Singapore
21132603008,1,21:13:26,21:58:26,60,60,Ghim Moh Market & Food Centre,150118 Singapore
21141803009,1,21:14:18,21:59:18,60,60,Bukit Timah Market & Food Centre,266621 Singapore
21143403010,1,21:14:34,21:59:34,60,60,Bukit Timah Market & Food Centre,598752 Singapore
21143703011,1,21:14:37,21:59:37,60,60,Alexandra Village Food Centre,120610 Singapore
21143703012,1,21:14:37,21:59:37,60,60,Alexandra Village Food Centre,140160 Singapore
21151903013,1,21:15:19,22:00:19,60,60,Ghim Moh Market & Food Centre,120424 Singapore
21153703014,1,21:15:37,22:00:37,60,60,Bukit Timah Market & Food Centre,598739 Singapore
21165003015,1,21:16:50,22:01:50,60,60,Alexandra Village Food Centre,289900 Singapore
21170403016,1,21:17:04,22:02:04,60,60,Bukit Timah Market & Food Centre,670239 Singapore
21183903017,1,21:18:39,22:03:39,60,60,Alexandra Village Food Centre,268844 Singapore
21184103018,1,21:18:41,22:03:41,60,60,Bukit Timah Market & Food Centre,677901 Singapore
21191803019,1,21:19:18,22:04:18,60,60,Bukit Timah Market & Food Centre,587845 Singapore
21194403020,1,21:19:44,22:04:44,60,60,Bukit Timah Market & Food Centre,669623 Singapore
21195803021,1,21:19:58,22:04:58,60,60,Alexandra Village Food Centre,138643 Singapore
21195903022,1,21:19:59,22:04:59,60,60,Ghim Moh Market & Food Centre,599204 Singapore
21200303023,1,21:20:03,22:05:03,60,60,Alexandra Village Food Centre,275764 Singapore
21202403024,1,21:20:24,22:05:24,60,60,Ghim Moh Market & Food Centre,149739 Singapore
21203103025,1,21:20:31,22:05:31,60,60,Bukit Timah Market & Food Centre,670216 Singapore
21204303026,1,21:20:43,22:05:43,60,60,Ghim Moh Market & Food Centre,138601 Singapore
21204403027,1,21:20:44,22:05:44,60,60,Bukit Timah Market & Food Centre,678087 Singapore
21213503028,1,21:21:35,22:06:35,60,60,Alexandra Village Food Centre,126839 Singapore
21221003029,1,21:22:10,22:07:10,60,60,Ghim Moh Market & Food Centre,289306 Singapore
21223903030,1,21:22:39,22:07:39,60,60,Ghim Moh Market & Food Centre,120416 Singapore
21231803031,1,21:23:18,22:08:18,60,60,Ghim Moh Market & Food Centre,117490 Singapore
21232403032,1,21:23:24,22:08:24,60,60,Bukit Timah Market & Food Centre,267671 Singapore
21233203033,1,21:23:32,22:08:32,60,60,Bukit Timah Market & Food Centre,667978 Singapore
21240203034,1,21:24:02,22:09:02,60,60,Ghim Moh Market & Food Centre,277054 Singapore
21245603035,1,21:24:56,22:09:56,60,60,Ghim Moh Market & Food Centre,120416 Singapore
21250103036,1,21:25:01,22:10:01,60,60,Bukit Timah Market & Food Centre,650627 Singapore
21251803037,1,21:25:18,22:10:18,60,60,Ghim Moh Market & Food Centre,278275 Singapore
21252903038,1,21:25:29,22:10:29,60,60,Alexandra Village Food Centre,142090 Singapore
21253503039,1,21:25:35,22:10:35,60,60,Bukit Timah Market & Food Centre,653442 Singapore
21260003040,1,21:26:00,22:11:00,60,60,Bukit Timah Market & Food Centre,277051 Singapore
21263503041,1,21:26:35,22:11:35,60,60,Bukit Timah Market & Food Centre,267671 Singapore
21272803042,1,21:27:28,22:12:28,60,60,Bukit Timah Market & Food Centre,653442 Singapore
21273303043,1,21:27:33,22:12:33,60,60,Alexandra Village Food Centre,140021 Singapore
21273503044,1,21:27:35,22:12:35,60,60,Alexandra Village Food Centre,140025 Singapore
21274603045,1,21:27:46,22:12:46,60,60,Alexandra Village Food Centre,150118 Singapore
21275003046,1,21:27:50,22:12:50,60,60,Bukit Timah Market & Food Centre,670275 Singapore
21275903047,1,21:27:59,22:12:59,60,60,Bukit Timah Market & Food Centre,597628 Singapore
21280603048,1,21:28:06,22:13:06,60,60,Bukit Timah Market & Food Centre,673443 Singapore
21294503049,1,21:29:45,22:14:45,60,60,Alexandra Village Food Centre,140038 Singapore
21301803050,1,21:30:18,22:15:18,60,60,Alexandra Village Food Centre,142088 Singapore
21301803051,1,21:30:18,22:15:18,60,60,Ghim Moh Market & Food Centre,272009 Singapore
21301803052,1,21:30:18,22:15:18,60,60,Bukit Timah Market & Food Centre,678265 Singapore
21311003053,1,21:31:10,22:16:10,60,60,Bukit Timah Market & Food Centre,289843 Singapore
21312803054,1,21:31:28,22:16:28,60,60,Alexandra Village Food Centre,129960 Singapore
21314903055,1,21:31:49,22:16:49,60,60,Alexandra Village Food Centre,271032 Singapore
21315803056,1,21:31:58,22:16:58,60,60,Alexandra Village Food Centre,119098 Singapore
21315903057,1,21:31:59,22:16:59,60,60,Bukit Timah Market & Food Centre,650320 Singapore
21324303058,1,21:32:43,22:17:43,60,60,Alexandra Village Food Centre,117468 Singapore
21325503059,1,21:32:55,22:17:55,60,60,Alexandra Village Food Centre,118719 Singapore
21331803060,1,21:33:18,22:18:18,60,60,Alexandra Village Food Centre,120418 Singapore
21341003061,1,21:34:10,22:19:10,60,60,Bukit Timah Market & Food Centre,266795 Singapore
21343203062,1,21:34:32,22:19:32,60,60,Bukit Timah Market & Food Centre,266242 Singapore
21353703063,1,21:35:37,22:20:37,60,60,Bukit Timah Market & Food Centre,588195 Singapore
21353803064,1,21:35:38,22:20:38,60,60,Alexandra Village Food Centre,141092 Singapore
21355903065,1,21:35:59,22:20:59,60,60,Alexandra Village Food Centre,140056 Singapore
21362303066,1,21:36:23,22:21:23,60,60,Ghim Moh Market & Food Centre,589629 Singapore
21364003067,1,21:36:40,22:21:40,60,60,Alexandra Village Food Centre,299204 Singapore
21364803068,1,21:36:48,22:21:48,60,60,Alexandra Village Food Centre,140146 Singapore
21370103069,1,21:37:01,22:22:01,60,60,Ghim Moh Market & Food Centre,150116 Singapore
21375303070,1,21:37:53,22:22:53,60,60,Ghim Moh Market & Food Centre,277055 Singapore
21384603071,1,21:38:46,22:23:46,60,60,Bukit Timah Market & Food Centre,277606 Singapore
21385403072,1,21:38:54,22:23:54,60,60,Bukit Timah Market & Food Centre,667978 Singapore
21385503073,1,21:38:55,22:23:55,60,60,Ghim Moh Market & Food Centre,141092 Singapore
21391303074,1,21:39:13,22:24:13,60,60,Alexandra Village Food Centre,149740 Singapore
21391303075,1,21:39:13,22:24:13,60,60,Alexandra Village Food Centre,270030 Singapore
21391603076,1,21:39:16,22:24:16,60,60,Ghim Moh Market & Food Centre,588046 Singapore
21394603077,1,21:39:46,22:24:46,60,60,Bukit Timah Market & Food Centre,678183 Singapore
21394703078,1,21:39:47,22:24:47,60,60,Alexandra Village Food Centre,266224 Singapore
21395903079,1,21:39:59,22:24:59,60,60,Ghim Moh Market & Food Centre,596741 Singapore
21403003080,1,21:40:30,22:25:30,60,60,Ghim Moh Market & Food Centre,267080 Singapore
21405603081,1,21:40:56,22:25:56,60,60,Bukit Timah Market & Food Centre,597159 Singapore
21411003082,1,21:41:10,22:26:10,60,60,Alexandra Village Food Centre,299852 Singapore
21413203083,1,21:41:32,22:26:32,60,60,Ghim Moh Market & Food Centre,126778 Singapore
21413303084,1,21:41:33,22:26:33,60,60,Ghim Moh Market & Food Centre,298090 Singapore
21413803085,1,21:41:38,22:26:38,60,60,Alexandra Village Food Centre,138638 Singapore
21421703086,1,21:42:17,22:27:17,60,60,Alexandra Village Food Centre,275018 Singapore
21422203087,1,21:42:22,22:27:22,60,60,Alexandra Village Food Centre,271022 Singapore
21423103088,1,21:42:31,22:27:31,60,60,Bukit Timah Market & Food Centre,276308 Singapore
21423503089,1,21:42:35,22:27:35,60,60,Ghim Moh Market & Food Centre,278731 Singapore
21425703090,1,21:42:57,22:27:57,60,60,Bukit Timah Market & Food Centre,653442 Singapore
21433503091,1,21:43:35,22:28:35,60,60,Bukit Timah Market & Food Centre,270028 Singapore
21442103092,1,21:44:21,22:29:21,60,60,Alexandra Village Food Centre,287390 Singapore
21443503093,1,21:44:35,22:29:35,60,60,Alexandra Village Food Centre,120416 Singapore
21452003094,1,21:45:20,22:30:20,60,60,Bukit Timah Market & Food Centre,288974 Singapore
21480503095,1,21:48:05,22:33:05,60,60,Alexandra Village Food Centre,159545 Singapore
21482103096,1,21:48:21,22:33:21,60,60,Alexandra Village Food Centre,120418 Singapore
21482503097,1,21:48:25,22:33:25,60,60,Ghim Moh Market & Food Centre,277051 Singapore
21494703098,1,21:49:47,22:34:47,60,60,Ghim Moh Market & Food Centre,587846 Singapore
21504703099,1,21:50:47,22:35:47,60,60,Ghim Moh Market & Food Centre,122312 Singapore
21505203100,1,21:50:52,22:35:52,60,60,Alexandra Village Food Centre,159961 Singapore
21511103101,1,21:51:11,22:36:11,60,60,Ghim Moh Market & Food Centre,129961 Singapore
21520503102,1,21:52:05,22:37:05,60,60,Ghim Moh Market & Food Centre,141083 Singapore
21541603103,1,21:54:16,22:39:16,60,60,Ghim Moh Market & Food Centre,142059 Singapore
21551703104,1,21:55:17,22:40:17,60,60,Alexandra Village Food Centre,143062 Singapore
21552003105,1,21:55:20,22:40:20,60,60,Bukit Timah Market & Food Centre,650141 Singapore
21552903106,1,21:55:29,22:40:29,60,60,Alexandra Village Food Centre,298069 Singapore
21570303107,1,21:57:03,22:42:03,60,60,Bukit Timah Market & Food Centre,653442 Singapore
21591503108,1,21:59:15,22:44:15,60,60,Bukit Timah Market & Food Centre,597653 Singapore
22002203109,1,22:00:22,22:45:22,60,60,Alexandra Village Food Centre,138567 Singapore
22013503110,1,22:01:35,22:46:35,60,60,Ghim Moh Market & Food Centre,140083 Singapore
22015803111,1,22:01:58,22:46:58,60,60,Bukit Timah Market & Food Centre,679695 Singapore
22022203112,1,22:02:22,22:47:22,60,60,Ghim Moh Market & Food Centre,120374 Singapore
22023103113,1,22:02:31,22:47:31,60,60,Bukit Timah Market & Food Centre,260003 Singapore
22052503114,1,22:05:25,22:50:25,60,60,Alexandra Village Food Centre,159019 Singapore
22061903115,1,22:06:19,22:51:19,60,60,Alexandra Village Food Centre,159028 Singapore
22073103116,1,22:07:31,22:52:31,60,60,Alexandra Village Food Centre,279584 Singapore
22134503117,1,22:13:45,22:58:45,60,60,Alexandra Village Food Centre,120418 Singapore
22135403118,1,22:13:54,22:58:54,60,60,Bukit Timah Market & Food Centre,651467 Singapore
22144603119,1,22:14:46,22:59:46,60,60,Ghim Moh Market & Food Centre,120511 Singapore
22163303120,1,22:16:33,23:01:33,60,60,Bukit Timah Market & Food Centre,669608 Singapore
22165503121,1,22:16:55,23:01:55,60,60,Bukit Timah Market & Food Centre,598738 Singapore
22203603122,1,22:20:36,23:05:36,60,60,Bukit Timah Market & Food Centre,653296 Singapore
22222303123,1,22:22:23,23:07:23,60,60,Alexandra Village Food Centre,271006 Singapore
22261303124,1,22:26:13,23:11:13,60,60,Bukit Timah Market & Food Centre,278903 Singapore
22261803125,1,22:26:18,23:11:18,60,60,Alexandra Village Food Centre,140171 Singapore
22275203126,1,22:27:52,23:12:52,60,60,Ghim Moh Market & Food Centre,118938 Singapore
22282203127,1,22:28:22,23:13:22,60,60,Alexandra Village Food Centre,141052 Singapore
22282903128,1,22:28:29,23:13:29,60,60,Alexandra Village Food Centre,142053 Singapore
